0
0
0
0
0
0
0
0
0
0
0
0
0
0
0
0
0
0
0
0
0
0
0
0
0
0
0
0
-0.00664598
-0.00845143
-0.00783155
-0.00611761
-0.00405946
-0.00794679
-0.0080736
-0.00652748
-0.0044697
-0.0025562
0.000934004
0.0017195
0.000619906
-0.00188759
-0.00552933
-0.0101492
-0.0084847
-0.0128047
-0.0206598
-0.0306072
-0.0418087
-0.0411157
-0.0498696
-0.0630205
-0.0780779
-0.0937216
-0.0977575
-0.107256
-0.118968
-0.131531
-0.144248
-0.156705
-0.168645
-0.183053
-0.196434
-0.207725
-0.216895
-0.224082
-0.229293
-0.242258
-0.247486
-0.246906
-0.240971
-0.229908
-0.213842
-0.245216
-0.242259
-0.226316
-0.207886
-0.190031
-0.173403
-0.158079
-0.137668
-0.109703
-0.0823955
-0.064109
-0.0547397
-0.0497395
-0.0469463
-0.0453175
-0.0443294
-0.0437058
-0.0432947
-0.0430089
-0.0427966
-0.0426253
-0.0424764
-0.0423385
-0.0386632
-0.0301253
-0.0357336
-0.0546326
-0.0479006
-0.0819106
-0.0740849
-0.0811859
-0.0907057
-0.0639319
-0.0280065
-0.00123274
0.0122993
0.0107978
0.0111979
0.0177697
0.0290352
0.0420481
0.0541286
0.0630716
0.0692016
0.0794944
0.083985
0.085432
0.0854398
0.0849367
0.0892277
0.0899288
0.0891415
0.0880046
0.0871616
0.0876321
0.0898878
0.0935608
0.0984342
0.104382
0.102908
0.108371
0.117958
0.130016
0.143585
0.146299
0.15816
0.174653
0.193241
0.212469
0.220679
0.234079
0.249491
0.265543
0.281525
0.29703
0.314431
0.330382
0.344126
0.355781
0.365623
0.373889
0.39374
0.403263
0.406062
0.404829
0.401236
0.407803
0.4051
0.397826
0.388465
0.378362
0.37669
0.370221
0.361801
0.352659
0.343413
0.33441
0.325855
0.3185
0.312348
0.307966
0.305333
0.304306
0.304788
0.298996
0.30167
0.309555
0.320572
0.33348
0.348283
0.363253
0.378431
0.393828
0.409438
0.425997
0.442151
0.458182
0.474238
0.490391
0.507426
0.524004
0.540423
0.556843
0.573342
0.590702
0.60759
0.624308
0.641015
0.657789
0.66029
0.672817
0.689862
0.708776
0.728157
0.733859
0.745589
0.759746
0.774842
0.790098
0.805051
0.819406
0.837057
0.853437
0.867439
0.879175
0.889022
0.897228
0.903763
0.914707
0.916909
0.91252
0.903989
0.89298
0.882879
0.869893
0.855351
0.840009
0.824296
0.811347
0.796375
0.780471
0.764255
0.748079
0.730579
0.714582
0.699583
0.685288
0.671528
0.647036
0.632111
0.622099
0.614419
0.607643
0.641228
0.645126
0.638973
0.629141
0.617812
0.605841
0.593361
0.580667
0.560926
0.536944
0.519817
0.509648
0.503554
0.499747
0.497222
0.495426
0.494045
0.492879
0.491824
0.490815
0.489802
0.488766
0.485532
0.480897
0.477563
0.477074
0.479823
0.485181
0.49262
0.501983
0.47108
0.447495
0.433595
0.426199
0.424086
0.424485
0.424468
0.423021
0.420406
0.417363
0.414656
0.412861
0.411891
0.411493
0.411448
0.411606
0.411875
0.412199
0.412546
0.412898
0.413244
0.413579
0.413902
0.414209
0.414502
0.41478
0.415044
0.415294
0.415531
0.415756
0.415968
0.41617
0.416361
0.416542
0.416714
0.416876
0.41703
0.417176
0.417314
0.417445
0.417569
0.417686
0.417797
0.417903
0.418002
0.418097
0.418186
0.418271
0.418352
0.418428
0.4185
0.418568
0.418633
0.418695
0.418753
0.418808
0.41886
0.418909
0.418956
0.419
0.419042
0.419082
0.41912
0.419156
0.41919
0.419222
0.419252
0.419281
0.419308
0.419334
0.419358
0.419382
0.419403
0.419424
0.419444
0.419463
0.41948
0.419497
0.419513
0.419528
0.419542
0.419556
0.419569
0.419581
0.419592
0.419603
0.419613
0.419623
0.419632
0.419641
0.419649
0.419657
0.419665
0.419672
0.419678
0.419685
0.419691
0.419696
0.419702
0.419707
0.419712
0.419716
0.419721
0.419725
0.419729
0.419732
0.419736
0.419739
0.419742
0.419745
0.419748
0.419751
0.419753
0.419756
0.419758
0.41976
0.419762
0.419764
0.419766
0.419768
0.419769
0.419771
0.419772
0.419774
0.419775
0.419776
0.419777
0.419779
0.41978
0.419781
0.419782
0.419783
0.419783
0.419784
0.419785
0.419786
0.419786
0.419787
0.419788
0.419788
0.419789
0.419789
0.41979
0.41979
0.419791
0.419791
0.419792
0.419792
0.419792
0.419793
0.419793
0.419793
0.419794
0.419794
0.419794
0.419794
0.419795
0.419795
0.419795
0.419795
0.419795
0.419796
0.419796
0.419796
0.419796
0.419796
0.419796
0.419796
0.419797
0.419797
0.419797
0.419797
0.419797
0.419797
0.419797
0.419797
0.419797
0.419797
0.419798
0.419798
0.419798
0.419798
0.419798
0.419798
0.419798
0.419798
0.419798
0.419798
0.419798
0.419798
0.419798
0.419798
0.419798
0.419798
0.419798
0.419798
0.419798
0.419798
0.419798
0.419798
0.419798
0.419798
0.419798
0.419798
0.419799
0.419799
0.419799
0.419799
0.419799
0.419799
0.419799
0.419799
0.419799
0.419799
0.419799
0.419799
0.419799
0.419799
0.419799
0.419799
0.419799
0.419799
0.419799
0.419799
0.419799
0.419799
0.419799
0.419799
0.419799
0.419799
0.419799
0.419799
0.419799
0.419799
0.419799
0.419799
0.419799
0.419799
0.419799
0.419799
0.419799
0.419799
0.419799
0.419799
0.419799
0.419799
0.419799
0.419799
0.419799
0.419799
0.419799
0.419799
0.419799
0.419799
0.419799
0.419799
0.419799
0.419799
0.419799
0.419799
0.419799
0.419799
0.419799
0.419799
0.419799
0.419799
0.419799
0.419799
0.419799
0.419799
0.419799
0.419799
0.419799
0.419799
0.419799
0.419799
0.419799
0.419799
0.419799
0.419799
0.419799
0.419799
0.419799
0.419799
0.419799
0.419771
0.419764
0.419767
0.419775
0.419783
0.424723
0.425535
0.424355
0.422355
0.420197
0.378755
0.363051
0.363025
0.368227
0.37547
0.383538
0.391866
0.400145
0.415263
0.438928
0.458702
0.467009
0.469153
0.468252
0.465899
0.462908
0.459704
0.456516
0.45347
0.450636
0.448049
0.446977
0.441341
0.428369
0.407248
0.380512
0.350135
0.317141
0.352096
0.366488
0.372364
0.376707
0.377991
0.375484
0.374744
0.379845
0.391605
0.409018
0.430194
0.451725
0.472264
0.491772
0.511598
0.530173
0.548116
0.565792
0.583409
0.602136
0.620142
0.637866
0.655542
0.673289
0.692207
0.710448
0.72843
0.746372
0.764387
0.783543
0.802028
0.820251
0.838432
0.856676
0.876018
0.894698
0.91312
0.931493
0.949925
0.969404
0.988237
1.00682
1.02535
1.04393
1.06351
1.08246
1.10116
1.11982
1.13864
1.15749
1.17641
1.19542
1.21449
1.235
1.25423
1.27285
1.29122
1.30954
1.30159
1.31058
1.32378
1.33803
1.35249
1.36692
1.38133
1.40355
1.43069
1.45147
1.46481
1.47366
1.47992
1.48463
1.48843
1.49164
1.49447
1.49707
1.4995
1.50181
1.5045
1.50854
1.5123
1.51514
1.51673
1.51729
1.51707
1.52707
1.5422
1.55594
1.56548
1.56887
1.56806
1.56785
1.57049
1.57572
1.58206
1.58786
1.59176
1.59379
1.59449
1.59437
1.59377
1.59292
1.59196
1.59095
1.58994
1.58896
1.58801
1.58711
1.58625
1.58543
1.58466
1.58392
1.58323
1.58257
1.58194
1.58135
1.5808
1.58027
1.57977
1.57929
1.57884
1.57842
1.57802
1.57764
1.57728
1.57693
1.57661
1.5763
1.57601
1.57574
1.57548
1.57523
1.575
1.57478
1.57457
1.57437
1.57418
1.574
1.57383
1.57367
1.57352
1.57338
1.57324
1.57311
1.57299
1.57288
1.57277
1.57266
1.57256
1.57247
1.57238
1.5723
1.57222
1.57214
1.57207
1.57201
1.57194
1.57188
1.57183
1.57177
1.57172
1.57167
1.57162
1.57158
1.57154
1.5715
1.57146
1.57143
1.57139
1.57136
1.57133
1.57131
1.57128
1.57125
1.57123
1.57121
1.57118
1.57116
1.57114
1.57113
1.57111
1.57109
1.57108
1.57106
1.57105
1.57103
1.57102
1.57101
1.571
1.57099
1.57098
1.57097
1.57096
1.57095
1.57094
1.57093
1.57093
1.57092
1.57091
1.57091
1.5709
1.5709
1.57089
1.57089
1.57088
1.57088
1.57087
1.57087
1.57086
1.57086
1.57086
1.57085
1.57085
1.57085
1.57084
1.57084
1.57084
1.57084
