20 15 0 0 0 0 0 0
20 15 0 0 0 -2 0 0
20 15 0 -0.2 0 -2 0 0
19.98 15 0 -0.4 0 -2 0 0
19.94 15 0 -0.6 0 -1.87645 0 0
19.88 15 0 -0.787645 0 -1.02495 0 0
19.8012 15 0 -0.890141 0 -0.530249 0 0
19.7122 15 0 -0.943165 0 -0.274318 0 0
19.6179 15 0 -0.970597 0 -0.141916 0 0
19.5208 15 0 -0.984789 0 -0.0734185 0 0
19.4224 15 0 -0.992131 0 -0.0379823 0 0
19.3232 15 0 -0.995929 0 -0.0196497 0 0
19.2236 15 0 -0.997894 0 -0.0101656 0 0
19.1238 15 0 -0.99891 0 -0.00525904 0 0
19.0239 15 0 -0.999436 0 -0.00272071 0 0
18.9239 15 0 -0.999708 0 -0.00140753 0 0
18.824 15 0 -0.999849 0 -0.000728169 0 0
18.724 15 0 -0.999922 0 -0.00037671 0 0
18.624 15 0 -0.99996 0 -0.000194887 0 0
18.524 15 0 -0.999979 0 -0.000100823 0 0
18.424 15 0 -0.999989 0 -5.21595e-05 0 0
18.324 15 0 -0.999994 0 -2.69841e-05 0 0
18.224 15 0 -0.999997 0 -1.39599e-05 0 0
18.124 15 0 -0.999999 0 -7.22202e-06 0 0
18.024 15 0 -0.999999 0 -3.73623e-06 0 0
17.924 15 0 -1 0 -1.9329e-06 0 0
17.824 15 0 -1 0 -9.99964e-07 0 0
17.724 15 0 -1 0.177448 0.0988837 -0.00830789 0.0415268
17.624 15 -0.00664598 -0.990112 0.048687 0.0557543 -0.00458913 0.0262521
17.525 15.0007 -0.00845143 -0.984536 -0.0168108 0.0305421 -0.00238024 0.0166755
17.4265 15.0015 -0.00783155 -0.981482 -0.0466257 0.016283 -0.00108754 0.0103293
17.3284 15.0023 -0.00611761 -0.979854 -0.0560824 0.00829861 -0.000383516 0.00585364
17.2304 15.0029 -0.00405946 -0.979024 0.106016 0.0722723 -0.0103746 0.0395629
17.1325 15.0033 -0.00794679 -0.971796 0.00348388 0.0402363 -0.00703136 0.0248179
17.0353 15.004 -0.0080736 -0.967773 -0.0426559 0.0179469 -0.00509158 0.0151666
16.9386 15.0048 -0.00652748 -0.965978 -0.0568779 0.00349212 -0.00403468 0.00842681
16.842 15.0054 -0.0044697 -0.965629 -0.0529089 -0.00515035 -0.00357189 0.00339115
16.7454 15.0059 -0.0025562 -0.966144 -0.096454 -0.0631883 8.61549e-05 -0.0213261
16.6488 15.0061 0.000934004 -0.972463 -0.0215666 -0.0344969 -0.00200692 -0.0180835
16.5515 15.006 0.0017195 -0.975913 0.0300838 -0.020323 -0.00375135 -0.0168399
16.4539 15.0059 0.000619906 -0.977945 0.0684601 -0.0133483 -0.00534096 -0.0167088
16.3562 15.0058 -0.00188759 -0.97928 0.0992918 -0.00998714 -0.00688383 -0.017179
16.2582 15.006 -0.00552933 -0.980278 0.125831 -0.00845695 -0.00843784 -0.0179604
16.1602 15.0065 -0.0101492 -0.981124 -0.0452964 -0.0680135 0.000588552 -0.065511
16.0621 15.0075 -0.0084847 -0.987925 0.116753 -0.0324819 -0.00520113 -0.0506922
15.9633 15.0084 -0.0128047 -0.991174 0.211599 -0.0180084 -0.0095556 -0.0416738
15.8642 15.0096 -0.0206598 -0.992974 0.267474 -0.0119526 -0.0130244 -0.0360388
15.7649 15.0117 -0.0306072 -0.99417 0.300834 -0.00937324 -0.0159351 -0.0323651
15.6655 15.0147 -0.0418087 -0.995107 -0.0185936 0.508573 -0.00476981 -0.11353
15.5661 15.0189 -0.0411157 -0.94425 0.247529 0.312055 -0.0144636 -0.0803258
15.4718 15.0228 -0.0498696 -0.913044 0.384569 0.197999 -0.0206662 -0.0593873
15.3806 15.0273 -0.0630205 -0.893244 0.450083 0.132894 -0.0248396 -0.0453538
15.2914 15.0329 -0.0780779 -0.879955 0.474669 0.0950879 -0.027743 -0.0354052
15.2037 15.0398 -0.0937216 -0.870446 0.123794 0.956063 -0.00909962 -0.10641
15.117 15.0479 -0.0977575 -0.77484 0.327297 0.543544 -0.0169462 -0.0772105
15.0399 15.0555 -0.107256 -0.720485 0.434048 0.324456 -0.021868 -0.0587228
14.9683 15.0632 -0.118968 -0.68804 0.48751 0.20855 -0.0252253 -0.0459802
14.9 15.0714 -0.131531 -0.667185 0.508926 0.149383 -0.0276314 -0.0366574
14.8338 15.0801 -0.144248 -0.652247 0.509933 0.118223 -0.0294042 -0.0295229
14.7693 15.0895 -0.156705 -0.640424 0.497779 0.101421 -0.0307265 -0.023859
14.706 15.0995 -0.168645 -0.630282 0.610352 -1.00673 -0.0386186 0.0261924
14.6439 15.1101 -0.183053 -0.730955 0.488793 -0.541258 -0.0366156 0.0197156
14.572 15.1234 -0.196434 -0.785081 0.383989 -0.331253 -0.034799 0.0148809
14.495 15.1387 -0.207725 -0.818207 0.299249 -0.246662 -0.0332746 0.0119093
14.415 15.1556 -0.216895 -0.842873 0.227648 -0.203104 -0.0319782 0.0103879
14.3327 15.1737 -0.224082 -0.863183 0.161179 -0.182304 -0.0308195 0.00993248
14.2485 15.1929 -0.229293 -0.881414 0.392737 0.531098 -0.042997 0.0316869
14.1627 15.2129 -0.242258 -0.828304 0.168532 -0.0263711 -0.0398822 0.0232076
14.0822 15.2328 -0.247486 -0.830941 -0.0186223 -0.222999 -0.0377923 0.0212147
14.0017 15.2532 -0.246906 -0.853241 -0.185735 -0.253243 -0.035936 0.0238148
13.919 15.274 -0.240971 -0.878565 -0.336207 -0.261949 -0.0338647 0.0303608
13.8336 15.295 -0.229908 -0.90476 -0.47411 -0.283712 -0.0312158 0.040379
13.7455 15.3156 -0.213842 -0.933131 0.897711 0.287255 -0.11223 0.541891
13.6543 15.3354 -0.245216 -0.904406 -0.0873005 0.930111 -0.0615269 0.424203
13.5666 15.3574 -0.242259 -0.811395 -0.52463 0.995789 -0.025524 0.335726
13.4878 15.3768 -0.226316 -0.711816 -0.691305 0.874276 -0.000815614 0.270359
13.4185 15.3928 -0.207886 -0.624388 -0.763517 0.721523 0.0163559 0.220305
13.3574 15.4057 -0.190031 -0.552236 -0.803911 0.58727 0.0285292 0.180966
13.3032 15.4161 -0.173403 -0.493509 -0.829079 0.474403 0.0373336 0.149506
13.2545 15.4246 -0.158079 -0.446068 -1.22173 -1.65086 0.115242 -0.346388
13.2105 15.4317 -0.137668 -0.611155 -1.22173 0.130318 0.0993372 -0.293192
13.15 15.44 -0.109703 -0.598123 -1.219 0.91407 0.0817603 -0.224063
13.0905 15.4466 -0.0823955 -0.506716 -0.963556 0.93798 0.0690287 -0.161074
13.04 15.4508 -0.064109 -0.412918 -0.60584 0.729229 0.0614321 -0.116441
12.9988 15.4534 -0.0547397 -0.339995 -0.392668 0.545225 0.0569996 -0.0881603
12.9648 15.4553 -0.0497395 -0.285473 -0.261242 0.407679 0.0542416 -0.0691786
12.9363 15.4567 -0.0469463 -0.244705 -0.177717 0.310066 0.0524228 -0.0557056
12.9119 15.4578 -0.0453175 -0.213698 -0.123467 0.24146 0.0511654 -0.0456727
12.8905 15.4588 -0.0443294 -0.189552 -0.0878333 0.192745 0.0502637 -0.0379041
12.8716 15.4596 -0.0437058 -0.170278 -0.0644577 0.15746 0.0495994 -0.0316991
12.8546 15.4604 -0.0432947 -0.154532 -0.0493858 0.131281 0.0491002 -0.02662
12.8392 15.4611 -0.0430089 -0.141403 -0.0400932 0.111409 0.04872 -0.0223807
12.825 15.4617 -0.0427966 -0.130263 -0.0351111 0.096266 0.0484278 -0.0187867
12.812 15.4622 -0.0426253 -0.120636 -0.0329516 0.0840994 0.0482023 -0.0156998
12.8 15.4627 -0.0424764 -0.112226 -0.0328022 0.0741749 0.0480283 -0.0130219
12.7888 15.4632 -0.0423385 -0.104809 -0.936275 -2 0.0814143 -0.137985
12.7783 15.4637 -0.0386632 -0.304809 -0.747892 -1.84096 0.079923 -0.133436
12.7478 15.4648 -0.0301253 -0.488905 0.30628 -2 0.0757879 -0.122242
12.699 15.4663 -0.0357336 -0.688905 0.732473 -1.91432 0.0699406 -0.123335
12.6301 15.4688 -0.0546326 -0.880337 -0.204175 1.37075 0.061796 -0.135156
12.5422 15.4736 -0.0479006 -0.743262 1.22173 -1.18283 0.0502476 -0.117756
12.468 15.4771 -0.0819106 -0.861544 -0.242525 1.72368 0.0420048 -0.141832
12.3821 15.4842 -0.0740849 -0.689176 0.275105 0.637995 0.0302458 -0.120704
12.3134 15.4893 -0.0811859 -0.625377 0.406442 0.402553 0.0223057 -0.116128
12.251 15.4944 -0.0907057 -0.585122 -1.22173 -2 0.0289869 -0.155028
12.1928 15.4997 -0.0639319 -0.785122 -1.22173 2 0.0197961 -0.127284
12.1144 15.5047 -0.0280065 -0.585122 -1.22173 2 0.00976157 -0.0900687
12.0559 15.5063 -0.00123274 -0.385122 -0.938161 2 0.00449613 -0.0623396
12.0174 15.5064 0.0122993 -0.185122 0.21656 2 0.00210273 -0.0481809
11.9989 15.5061 0.0107978 0.0148784 0.71803 2 0.00121298 -0.0493817
12.0004 15.5062 0.0111979 0.214878 0.816584 2 0.00128651 -0.0490057
12.0219 15.5064 0.0177697 0.414878 0.725003 2 0.00234343 -0.0427828
12.0634 15.5071 0.0290352 0.614878 0.565061 1.85604 0.00413172 -0.0321904
12.1248 15.5089 0.0420481 0.800482 0.402947 0.965455 0.00614031 -0.0201746
12.2048 15.5123 0.0541286 0.897028 0.266188 0.497711 0.00780605 -0.00939187
12.2944 15.5171 0.0630716 0.946799 0.172867 0.25752 0.00871336 -0.0019036
12.3889 15.5231 0.0692016 0.972551 0.282574 0.0185873 0.00241008 -0.0376345
12.4859 15.5298 0.0794944 0.974409 0.123047 0.00831748 0.00571163 -0.0200086
12.583 15.5376 0.083985 0.975241 0.0396179 0.00538906 0.00733889 -0.00903341
12.6802 15.5457 0.085432 0.97578 0.000211123 0.00447241 0.00793756 -0.00194106
12.7774 15.5541 0.0854398 0.976227 -0.0137574 0.00412996 0.00788546 0.00287763
12.8747 15.5624 0.0849367 0.97664 0.11731 -0.115906 -0.00199778 -0.0319082
12.972 15.5707 0.0892277 0.96505 0.019396 -0.060408 0.000633234 -0.0176612
13.0681 15.5793 0.0899288 0.959009 -0.0219199 -0.0259058 0.00192184 -0.00855074
13.1636 15.5879 0.0891415 0.956418 -0.0317367 -0.00396784 0.00239523 -0.00232272
13.2589 15.5964 0.0880046 0.956021 -0.0235451 0.0082573 0.00233636 0.00222747
13.3541 15.6048 0.0871616 0.956847 0.0131299 0.109495 0.00433769 0.0239634
13.4494 15.6131 0.0876321 0.967797 0.062231 0.0594501 0.00209455 0.023276
13.5459 15.6216 0.0898878 0.973742 0.100715 0.0340322 -6.21934e-05 0.0234645
13.6428 15.6304 0.0935608 0.977145 0.133162 0.021134 -0.00220852 0.0241072
13.7401 15.6395 0.0984342 0.979258 0.162169 0.0147374 -0.00438349 0.0249622
13.8376 15.6491 0.104382 0.980732 -0.0401332 0.0672471 0.00727365 0.0806768
13.9351 15.6593 0.102908 0.987457 0.147714 0.0285187 0.000112546 0.0635618
14.0333 15.6695 0.108371 0.990309 0.258487 0.0148352 -0.00538563 0.0531173
14.1318 15.6802 0.117958 0.991792 0.324615 0.0103398 -0.00985543 0.0465425
14.2303 15.6919 0.130016 0.992826 0.364898 0.00917969 -0.0136721 0.0421993
14.3287 15.7047 0.143585 0.993744 0.0729132 -0.119595 -0.00232397 0.116865
14.4271 15.7189 0.146299 0.981785 0.322577 -0.077523 -0.0123305 0.0862484
14.5242 15.7333 0.15816 0.974032 0.452102 -0.0531108 -0.0192806 0.066125
14.6204 15.7486 0.174653 0.968721 0.512338 -0.0486844 -0.0242569 0.0523384
14.7158 15.7654 0.193241 0.963853 0.53264 -0.0492441 -0.0279179 0.0424065
14.8104 15.7839 0.212469 0.958928 0.228587 -0.919542 -0.0115718 0.105368
14.9041 15.8042 0.220679 0.866974 0.412689 -0.515644 -0.0199908 0.0764691
14.9887 15.8231 0.234079 0.81541 0.504655 -0.302646 -0.0253064 0.058053
15.068 15.8421 0.249491 0.785145 0.545841 -0.190812 -0.0289143 0.0453635
15.1441 15.8614 0.265543 0.766064 0.557039 -0.132669 -0.0314688 0.0360964
15.218 15.8815 0.281525 0.752797 0.549921 -0.101021 -0.0333179 0.0290021
15.2903 15.9025 0.29703 0.742695 0.625594 0.878468 -0.0414684 -0.0172108
15.3614 15.9242 0.314431 0.830542 0.512787 0.456244 -0.0396958 -0.0124429
15.4403 15.9499 0.330382 0.876166 0.418827 0.250769 -0.0380972 -0.0095806
15.5232 15.9783 0.344126 0.901243 0.345266 0.149505 -0.0366856 -0.00850922
15.6081 16.0087 0.355781 0.916194 0.286828 0.100275 -0.0353713 -0.00870921
15.6939 16.0406 0.365623 0.926221 0.238285 0.076543 -0.0340661 -0.00971028
15.7804 16.0737 0.373889 0.933875 0.567556 0.433523 -0.0569449 -0.107524
15.8674 16.1078 0.39374 0.977228 0.260174 0.169973 -0.0471441 -0.0798818
15.9576 16.1453 0.403263 0.994225 0.07518 0.0605976 -0.0396923 -0.0622564
16.0491 16.1844 0.406062 1.00028 -0.0329059 0.0159932 -0.0338997 -0.0512266
16.141 16.2239 0.404829 1.00188 -0.0957727 -0.00122142 -0.029188 -0.0441747
16.2331 16.2633 0.401236 1.00176 0.175033 -0.253143 -0.039396 -0.113123
16.3253 16.3025 0.407803 0.976448 -0.0738942 -0.189731 -0.0292318 -0.0828361
16.4149 16.3412 0.4051 0.957474 -0.202856 -0.131233 -0.0222173 -0.0635268
16.5029 16.3789 0.397826 0.944351 -0.264647 -0.0856585 -0.0171205 -0.0504964
16.59 16.4155 0.388465 0.935785 -0.28828 -0.0514782 -0.013258 -0.0411397
16.6766 16.4509 0.378362 0.930637 -0.0479598 -0.890908 -0.0287249 -0.100099
16.7631 16.4853 0.37669 0.841547 -0.205259 -0.522651 -0.0206241 -0.075577
16.8413 16.5163 0.370221 0.789282 -0.284835 -0.317516 -0.0152031 -0.0599994
16.9149 16.5448 0.361801 0.75753 -0.322214 -0.20076 -0.01124 -0.0492052
16.9857 16.5716 0.352659 0.737454 -0.334741 -0.132376 -0.00817308 -0.0412442
17.055 16.5971 0.343413 0.724216 -0.331915 -0.0894809 -0.00570862 -0.0350936
17.1231 16.6215 0.33441 0.715268 -0.319363 -0.0624828 -0.00367711 -0.0301736
17.1907 16.645 0.325855 0.70902 -0.276982 1.094 0.0025999 0.00721715
17.2579 16.6677 0.3185 0.81842 -0.200685 0.591986 0.00185594 0.00520922
17.3356 16.6933 0.312348 0.877619 -0.133306 0.328849 0.00118488 0.00446528
17.4191 16.7203 0.307966 0.910504 -0.0772309 0.189373 0.000571217 0.00489265
17.5059 16.7479 0.305333 0.929441 -0.0295033 0.114691 -5.55906e-05 0.00610021
17.5945 16.7758 0.304306 0.94091 0.0136797 0.074324 -0.000754345 0.00774088
17.6843 16.804 0.304788 0.948342 -0.163053 0.240243 0.0179431 0.0949103
17.7748 16.8325 0.298996 0.972367 0.0734196 0.106963 0.00963697 0.0738218
17.8677 16.8611 0.30167 0.983063 0.214166 0.0501264 0.00321672 0.0607034
17.9616 16.8903 0.309555 0.988076 0.2977 0.0256905 -0.00196576 0.052448
18.0557 16.9204 0.320572 0.990645 0.347883 0.0153169 -0.00634805 0.0470497
18.1497 16.9516 0.33348 0.992176 0.398351 0.00488815 -0.0112279 0.0382245
18.2434 16.9841 0.348283 0.992665 0.402663 0.00651928 -0.0142394 0.0373291
18.3367 17.018 0.363253 0.993317 0.407981 0.00771562 -0.0171594 0.0362943
18.4296 17.0533 0.378431 0.994089 0.413536 0.00863473 -0.0199718 0.0351932
18.522 17.09 0.393828 0.994952 0.418913 0.00935562 -0.0226683 0.0340669
18.6138 17.1282 0.409438 0.995888 0.44394 0.00456374 -0.0263029 0.0277247
18.7052 17.1678 0.425997 0.996344 0.432894 0.00712226 -0.0282799 0.0285421
18.7959 17.209 0.442151 0.997056 0.429292 0.0087372 -0.0303356 0.0286271
18.8861 17.2517 0.458182 0.99793 0.429581 0.00975842 -0.032394 0.0283019
18.9756 17.2958 0.474238 0.998906 0.431772 0.0103974 -0.0344125 0.0277485
19.0644 17.3414 0.490391 0.999946 0.454857 0.00600844 -0.0374286 0.0218115
19.1526 17.3885 0.507426 1.00055 0.442381 0.00767891 -0.0388195 0.023032
19.2401 17.4371 0.524004 1.00131 0.437831 0.00890023 -0.0403297 0.0234563
19.3268 17.4872 0.540423 1.0022 0.437445 0.00970901 -0.041876 0.0234283
19.4127 17.5388 0.556843 1.00318 0.439116 0.010195 -0.0434111 0.0231425
19.4979 17.5918 0.573342 1.00419 0.461579 0.00606418 -0.0459547 0.017459
19.5822 17.6463 0.590702 1.0048 0.448769 0.00713983 -0.0469101 0.0189177
19.6657 17.7023 0.60759 1.00552 0.443924 0.00813837 -0.048009 0.0195602
19.7482 17.7597 0.624308 1.00633 0.443263 0.00885887 -0.0491654 0.0197349
19.8299 17.8185 0.641015 1.00721 0.444665 0.00929796 -0.0503304 0.019639
19.9106 17.8787 0.657789 1.00814 0.0662235 -0.621723 -0.0362514 0.114226
19.9904 17.9403 0.66029 0.945972 0.353566 -0.356378 -0.0458443 0.0777216
20.0651 17.9984 0.672817 0.910335 0.499928 -0.21907 -0.0515757 0.0548518
20.1363 18.0551 0.689862 0.888428 0.56845 -0.149817 -0.0551017 0.0396449
20.2048 18.1116 0.708776 0.873446 0.59244 -0.11529 -0.0572677 0.0289995
20.2711 18.1685 0.728157 0.861917 0.176623 -1.00323 -0.0355588 0.109785
20.3355 18.2259 0.733859 0.761594 0.411245 -0.550262 -0.043426 0.0768476
20.392 18.2769 0.745589 0.706568 0.534978 -0.319063 -0.0481028 0.0560757
20.4439 18.3248 0.759746 0.674662 0.597422 -0.203329 -0.0510891 0.0418432
20.4929 18.3713 0.774842 0.654329 0.622532 -0.145427 -0.0530538 0.0315266
20.5396 18.417 0.790098 0.639786 0.623989 -0.117262 -0.0543441 0.023725
20.5846 18.4625 0.805051 0.62806 0.610286 -0.104292 -0.0551622 0.017613
20.6282 18.5078 0.819406 0.617631 0.763043 0.886711 -0.0635338 -0.0387933
20.6703 18.5529 0.837057 0.706302 0.619189 0.430308 -0.0606942 -0.030772
20.7176 18.6054 0.853437 0.749333 0.498916 0.21951 -0.0580632 -0.0246944
20.7669 18.6618 0.867439 0.771284 0.406276 0.138982 -0.0557877 -0.0207346
20.8168 18.7206 0.879175 0.785182 0.334849 0.12222 -0.0538088 -0.0183262
20.8669 18.7811 0.889022 0.797404 0.274787 0.139042 -0.0520363 -0.0168801
20.9171 18.843 0.897228 0.811308 0.215052 0.178803 -0.0504005 -0.0160404
20.9677 18.9064 0.903763 0.829188 0.352401 1.01809 -0.0767655 -0.134681
21.019 18.9716 0.914707 0.930998 0.0631499 0.43514 -0.0660074 -0.110153
21.0758 19.0454 0.916909 0.974512 -0.120247 0.177027 -0.056412 -0.0927453
21.1351 19.1227 0.91252 0.992214 -0.22956 0.0632416 -0.04815 -0.0811414
21.1958 19.2012 0.903989 0.998538 -0.294385 0.0145081 -0.0409246 -0.0732496
21.2575 19.2797 0.89298 0.999989 -0.269689 0.0296339 -0.0374979 -0.0850397
21.3202 19.3576 0.882879 1.00295 -0.345703 0.00141202 -0.0300323 -0.0743237
21.3839 19.435 0.869893 1.00309 -0.387076 -0.00719087 -0.0236204 -0.066693
21.4486 19.5117 0.855351 1.00237 -0.408659 -0.00808416 -0.0179657 -0.0609019
21.5144 19.5874 0.840009 1.00157 -0.418884 -0.00624659 -0.0128831 -0.0562236
21.5812 19.6619 0.824296 1.00094 -0.345433 0.00652215 -0.01275 -0.0697166
21.6492 19.7354 0.811347 1.00159 -0.399112 -0.000418022 -0.00687478 -0.0599569
21.7182 19.8081 0.796375 1.00155 -0.423978 -0.00189385 -0.00196292 -0.0528533
21.7882 19.8797 0.780471 1.00136 -0.432368 -0.00177725 0.00225368 -0.0473552
21.8593 19.9501 0.764255 1.00118 -0.431381 -0.00146777 0.00594187 -0.0428413
21.9316 20.0194 0.748079 1.00104 -0.466787 0.00456946 0.0108047 -0.0283415
22.005 20.0875 0.730579 1.0015 -0.426467 0.00434075 0.012814 -0.0286924
22.0796 20.1543 0.714582 1.00193 -0.399706 0.00431247 0.0148647 -0.0280025
22.1553 20.22 0.699583 1.00236 -0.380777 0.00430001 0.0168582 -0.0267485
22.232 20.2845 0.685288 1.00279 -0.366358 0.00421881 0.0187419 -0.0252044
22.3096 20.348 0.671528 1.00321 -0.651865 -0.0826448 0.0362659 0.0585162
22.3881 20.4104 0.647036 0.994948 -0.400514 -0.0596669 0.0304793 0.0308612
22.4675 20.4704 0.632111 0.988981 -0.270285 -0.0361796 0.0274795 0.014357
22.5473 20.5288 0.622099 0.985363 -0.20812 -0.0185803 0.0260818 0.00411316
22.6274 20.5862 0.614419 0.983505 -0.183953 -0.00760689 0.0256426 -0.00255836
22.7078 20.6429 0.607643 0.982744 0.912484 -2 -0.0189442 -0.307857
22.7884 20.699 0.641228 0.782744 0.132939 -1.36316 0.00837422 -0.210109
22.8512 20.7459 0.645126 0.646429 -0.254129 -0.788382 0.0229153 -0.154525
22.9028 20.7847 0.638973 0.567591 -0.462507 -0.491938 0.0316496 -0.119487
22.9484 20.8186 0.629141 0.518397 -0.583479 -0.328156 0.037503 -0.0948504
22.9903 20.8491 0.617812 0.485581 -0.658234 -0.230744 0.0416785 -0.0762785
23.0299 20.8772 0.605841 0.462507 -0.720501 -0.171598 0.0447619 -0.0616754
23.0679 20.9036 0.593361 0.445347 -0.761039 -0.13918 0.0470805 -0.0501478
23.1048 20.9285 0.580667 0.431429 -1.22173 1.01545 0.0865008 0.217533
23.1409 20.9521 0.560926 0.532974 -1.2014 -0.203251 0.0770654 0.180839
23.186 20.9805 0.536944 0.512649 -0.891986 -0.524358 0.0676275 0.137719
23.2301 21.0067 0.519817 0.460213 -0.59001 -0.521415 0.060859 0.104197
23.27 21.0296 0.509648 0.408072 -0.398705 -0.44097 0.0563212 0.0809115
23.3056 21.0495 0.503554 0.363975 -0.279287 -0.355953 0.0532171 0.0643845
23.3375 21.067 0.499747 0.32838 -0.20531 -0.285886 0.0510213 0.0521871
23.3663 21.0828 0.497222 0.299791 -0.15989 -0.23168 0.0494185 0.0428182
23.3927 21.0971 0.495426 0.276623 -0.133304 -0.190962 0.0482194 0.0353693
23.417 21.1102 0.494045 0.257527 -0.120908 -0.162685 0.0473065 0.0292717
23.4397 21.1224 0.492879 0.241258 -0.11682 -0.140353 0.046604 0.0241447
23.4609 21.1338 0.491824 0.227223 -0.11847 -0.122415 0.046062 0.0197546
23.481 21.1446 0.490815 0.214981 -0.125832 -0.110369 0.0456452 0.0159382
23.4999 21.1547 0.489802 0.203944 -0.135716 -0.0995413 0.0453279 0.0125653
23.5179 21.1643 0.488766 0.19399 -0.445079 2 0.0632005 0.0817353
23.5351 21.1734 0.485532 0.39399 -0.314088 2 0.061603 0.0777147
23.5699 21.1918 0.480897 0.59399 -0.149846 1.88067 0.0585483 0.071351
23.6226 21.2193 0.477563 0.782057 -0.0167179 1.03894 0.0543761 0.065079
23.692 21.2552 0.477074 0.885951 0.0828422 0.519125 0.0494491 0.0601091
23.7707 21.2959 0.479823 0.937863 0.152535 0.255023 0.0443809 0.0569394
23.8539 21.3392 0.485181 0.963366 0.206184 0.123356 0.0393796 0.0550503
23.9391 21.3841 0.49262 0.975701 0.256229 0.061578 0.0344869 0.0539858
24.0251 21.4303 0.501983 0.981859 -0.84037 0.152906 0.036411 0.0821845
24.1112 21.4775 0.47108 0.99715 -0.63152 -2 0.0282649 0.0512809
24.2 21.5228 0.447495 0.79715 -0.465574 -2 0.0231254 0.0276959
24.2719 21.5573 0.433595 0.59715 -0.330686 -2 0.020911 0.0137958
24.3261 21.5823 0.426199 0.39715 -0.142077 -2 0.0200857 0.00640001
24.3622 21.5988 0.424086 0.19715 0.0541346 -2 0.0198313 0.00428669
24.3802 21.6069 0.424485 -0.00285035 0.16151 -2 0.0197468 0.00468641
24.38 21.6068 0.424468 -0.20285 0.190469 -2 0.0197481 0.00466917
24.3615 21.5984 0.423021 -0.40285 0.173297 -2 0.0198427 0.0032221
24.3247 21.5819 0.420406 -0.60285 0.134783 -1.87525 0.0199724 0.000607395
24.2697 21.5573 0.417363 -0.790375 0.0914481 -1.02184 0.0200091 -0.00243582
24.1974 21.5252 0.414656 -0.892559 0.0536868 -0.528733 0.0198168 -0.00514287
24.1158 21.4893 0.412861 -0.945433 0.0273967 -0.273246 0.019358 -0.00693757
24.0292 21.4513 0.411891 -0.972757 0.0109347 -0.140805 0.0187022 -0.00790768
23.94 21.4124 0.411493 -0.986838 0.00122121 -0.0721528 0.017933 -0.00830606
23.8496 21.3729 0.411448 -0.994053 -0.00425916 -0.0365917 0.0171133 -0.00835119
23.7585 21.3332 0.411606 -0.997712 -0.00720007 -0.0182039 0.0162831 -0.00819262
23.667 21.2932 0.411875 -0.999532 -0.00865588 -0.00872848 0.0154657 -0.00792358
23.5754 21.2532 0.412199 -1.00041 -0.00925865 -0.00387661 0.0146736 -0.00759954
23.4838 21.2131 0.412546 -1.00079 -0.00937978 -0.00142079 0.0139133 -0.00725263
23.3921 21.173 0.412898 -1.00094 -0.00923497 -0.00020412 0.0131874 -0.00690105
23.3004 21.1329 0.413244 -1.00096 -0.00894847 0.000374207 0.0124967 -0.00655485
23.2087 21.0927 0.413579 -1.00092 -0.00859135 0.000625999 0.0118405 -0.00621938
23.1171 21.0524 0.413902 -1.00086 -0.00820392 0.00071289 0.011218 -0.00589731
23.0254 21.0122 0.414209 -1.00078 -0.0078088 0.000718468 0.0106277 -0.00558978
22.9338 20.9719 0.414502 -1.00071 -0.00741845 0.000685774 0.0100683 -0.00529709
22.8422 20.9316 0.41478 -1.00064 -0.00703953 0.0006368 0.00953817 -0.00501905
22.7507 20.8913 0.415044 -1.00058 -0.00667537 0.000582622 0.00903592 -0.00475522
22.6591 20.8509 0.415294 -1.00052 -0.00632745 0.000528672 0.00856011 -0.00450507
22.5675 20.8106 0.415531 -1.00047 -0.00599621 0.000477479 0.00810936 -0.00426796
22.476 20.7702 0.415756 -1.00042 -0.00568149 0.000430091 0.00768235 -0.00404328
22.3845 20.7298 0.415968 -1.00038 -0.00538284 0.000386809 0.00727785 -0.0038304
22.293 20.6894 0.41617 -1.00034 -0.00509964 0.000347574 0.00689466 -0.00362872
22.2015 20.6489 0.416361 -1.0003 -0.00483121 0.000312159 0.00653165 -0.00343765
22.11 20.6085 0.416542 -1.00027 -0.00457685 0.000280269 0.00618778 -0.00325665
22.0185 20.568 0.416714 -1.00025 -0.00433585 0.000251594 0.00586202 -0.00308519
21.9271 20.5275 0.416876 -1.00022 -0.00410753 0.000225832 0.00555342 -0.00292276
21.8356 20.487 0.41703 -1.0002 -0.00389124 0.000202696 0.00526108 -0.00276888
21.7442 20.4465 0.417176 -1.00018 -0.00368634 0.000181925 0.00498413 -0.00262312
21.6527 20.406 0.417314 -1.00016 -0.00349223 0.000163279 0.00472177 -0.00248503
21.5613 20.3654 0.417445 -1.00014 -0.00330836 0.000146544 0.00447323 -0.00235421
21.4699 20.3249 0.417569 -1.00013 -0.00313417 0.000131523 0.00423777 -0.00223028
21.3784 20.2843 0.417686 -1.00012 -0.00296916 0.000118042 0.00401471 -0.00211288
21.287 20.2437 0.417797 -1.0001 -0.00281285 0.000105942 0.0038034 -0.00200167
21.1956 20.2032 0.417903 -1.00009 -0.00266477 9.50831e-05 0.00360321 -0.00189631
21.1042 20.1626 0.418002 -1.00008 -0.00252449 8.53372e-05 0.00341356 -0.00179649
21.0128 20.122 0.418097 -1.00007 -0.00239159 7.65903e-05 0.0032339 -0.00170193
20.9214 20.0814 0.418186 -1.00007 -0.0022657 6.874e-05 0.00306369 -0.00161235
20.83 20.0408 0.418271 -1.00006 -0.00214644 6.16945e-05 0.00290244 -0.00152749
20.7387 20.0001 0.418352 -1.00005 -0.00203346 5.53711e-05 0.00274969 -0.0014471
20.6473 19.9595 0.418428 -1.00005 -0.00192642 4.9696e-05 0.00260497 -0.00137093
20.5559 19.9189 0.4185 -1.00004 -0.00182503 4.46025e-05 0.00246787 -0.00129878
20.4645 19.8782 0.418568 -1.00004 -0.00172897 4.00311e-05 0.00233798 -0.00123042
20.3732 19.8376 0.418633 -1.00004 -0.00163796 3.59283e-05 0.00221494 -0.00116566
20.2818 19.7969 0.418695 -1.00003 -0.00155175 3.2246e-05 0.00209837 -0.00110431
20.1904 19.7563 0.418753 -1.00003 -0.00147008 2.89411e-05 0.00198793 -0.00104619
20.0991 19.7156 0.418808 -1.00003 -0.00139271 2.5975e-05 0.00188331 -0.000991134
20.0077 19.675 0.41886 -1.00002 -0.00131941 2.33128e-05 0.00178419 -0.000938971
19.9163 19.6343 0.418909 -1.00002 -0.00124997 2.09235e-05 0.00169029 -0.000889554
19.825 19.5936 0.418956 -1.00002 -0.00118418 1.87791e-05 0.00160134 -0.000842738
19.7336 19.5529 0.419 -1.00002 -0.00112186 1.68545e-05 0.00151706 -0.000798386
19.6423 19.5122 0.419042 -1.00001 -0.00106281 1.51271e-05 0.00143722 -0.000756368
19.5509 19.4715 0.419082 -1.00001 -0.00100688 1.35768e-05 0.00136158 -0.000716561
19.4596 19.4309 0.41912 -1.00001 -0.000953888 1.21854e-05 0.00128993 -0.00067885
19.3682 19.3902 0.419156 -1.00001 -0.000903686 1.09365e-05 0.00122204 -0.000643124
19.2769 19.3495 0.41919 -1.00001 -0.000856126 9.81568e-06 0.00115773 -0.000609277
19.1856 19.3088 0.419222 -1.00001 -0.000811069 8.80972e-06 0.0010968 -0.000577212
19.0942 19.2681 0.419252 -1.00001 -0.000768384 7.90685e-06 0.00103908 -0.000546835
19.0029 19.2273 0.419281 -1.00001 -0.000727945 7.09651e-06 0.000984392 -0.000518056
18.9115 19.1866 0.419308 -1.00001 -0.000689635 6.36922e-06 0.000932586 -0.000490792
18.8202 19.1459 0.419334 -1.00001 -0.000653341 5.71647e-06 0.000883507 -0.000464963
18.7289 19.1052 0.419358 -1.00001 -0.000618957 5.13061e-06 0.00083701 -0.000440493
18.6375 19.0645 0.419382 -1 -0.000586382 4.6048e-06 0.000792961 -0.000417311
18.5462 19.0238 0.419403 -1 -0.000555522 4.13288e-06 0.000751229 -0.000395349
18.4549 18.983 0.419424 -1 -0.000526287 3.70932e-06 0.000711694 -0.000374543
18.3635 18.9423 0.419444 -1 -0.000498589 3.32917e-06 0.00067424 -0.000354832
18.2722 18.9016 0.419463 -1 -0.00047235 2.98798e-06 0.000638756 -0.000336158
18.1809 18.8609 0.41948 -1 -0.000447491 2.68176e-06 0.000605141 -0.000318467
18.0895 18.8201 0.419497 -1 -0.000423941 2.40692e-06 0.000573294 -0.000301707
17.9982 18.7794 0.419513 -1 -0.00040163 2.16025e-06 0.000543123 -0.000285829
17.9069 18.7387 0.419528 -1 -0.000380494 1.93886e-06 0.00051454 -0.000270787
17.8155 18.6979 0.419542 -1 -0.000360469 1.74015e-06 0.000487461 -0.000256536
17.7242 18.6572 0.419556 -1 -0.000341499 1.56181e-06 0.000461808 -0.000243035
17.6329 18.6165 0.419569 -1 -0.000323527 1.40175e-06 0.000437504 -0.000230245
17.5416 18.5757 0.419581 -1 -0.0003065 1.25809e-06 0.00041448 -0.000218128
17.4502 18.535 0.419592 -1 -0.00029037 1.12916e-06 0.000392667 -0.000206648
17.3589 18.4943 0.419603 -1 -0.000275089 1.01344e-06 0.000372002 -0.000195773
17.2676 18.4535 0.419613 -1 -0.000260612 9.09576e-07 0.000352424 -0.00018547
17.1763 18.4128 0.419623 -1 -0.000246896 8.16359e-07 0.000333877 -0.000175709
17.0849 18.372 0.419632 -1 -0.000233903 7.32695e-07 0.000316306 -0.000166462
16.9936 18.3313 0.419641 -1 -0.000221593 6.57605e-07 0.00029966 -0.000157702
16.9023 18.2906 0.419649 -1 -0.000209932 5.90211e-07 0.00028389 -0.000149403
16.811 18.2498 0.419657 -1 -0.000198883 5.29724e-07 0.00026895 -0.00014154
16.7196 18.2091 0.419665 -1 -0.000188417 4.75435e-07 0.000254796 -0.000134091
16.6283 18.1683 0.419672 -1 -0.000178501 4.26711e-07 0.000241387 -0.000127034
16.537 18.1276 0.419678 -1 -0.000169107 3.82979e-07 0.000228683 -0.000120349
16.4457 18.0868 0.419685 -1 -0.000160207 3.4373e-07 0.000216648 -0.000114015
16.3544 18.0461 0.419691 -1 -0.000151776 3.08503e-07 0.000205247 -0.000108015
16.263 18.0053 0.419696 -1 -0.000143789 2.76886e-07 0.000194445 -0.000102331
16.1717 17.9646 0.419702 -1 -0.000136222 2.4851e-07 0.000184212 -9.69452e-05
16.0804 17.9238 0.419707 -1 -0.000129053 2.23041e-07 0.000174518 -9.18433e-05
15.9891 17.8831 0.419712 -1 -0.000122261 2.00183e-07 0.000165333 -8.70098e-05
15.8977 17.8423 0.419716 -1 -0.000115827 1.79668e-07 0.000156632 -8.24308e-05
15.8064 17.8016 0.419721 -1 -0.000109731 1.61254e-07 0.000148389 -7.80927e-05
15.7151 17.7608 0.419725 -1 -0.000103956 1.44728e-07 0.00014058 -7.39829e-05
15.6238 17.7201 0.419729 -1 -9.84854e-05 1.29896e-07 0.000133182 -7.00894e-05
15.5325 17.6793 0.419732 -1 -9.33024e-05 1.16584e-07 0.000126173 -6.64008e-05
15.4411 17.6386 0.419736 -1 -8.83922e-05 1.04636e-07 0.000119533 -6.29064e-05
15.3498 17.5978 0.419739 -1 -8.37404e-05 9.39122e-08 0.000113242 -5.95958e-05
15.2585 17.5571 0.419742 -1 -7.93334e-05 8.42877e-08 0.000107282 -5.64595e-05
15.1672 17.5163 0.419745 -1 -7.51583e-05 7.56495e-08 0.000101636 -5.34882e-05
15.0759 17.4756 0.419748 -1 -7.1203e-05 6.78966e-08 9.62877e-05 -5.06732e-05
14.9845 17.4348 0.419751 -1 -6.74558e-05 6.09383e-08 9.12204e-05 -4.80065e-05
14.8932 17.3941 0.419753 -1 -6.39058e-05 5.46931e-08 8.64197e-05 -4.548e-05
14.8019 17.3533 0.419756 -1 -6.05426e-05 4.90879e-08 8.18717e-05 -4.30866e-05
14.7106 17.3126 0.419758 -1 -5.73564e-05 4.40572e-08 7.7563e-05 -4.0819e-05
14.6193 17.2718 0.41976 -1 -5.43379e-05 3.9542e-08 7.34811e-05 -3.86709e-05
14.528 17.231 0.419762 -1 -5.14783e-05 3.54896e-08 6.96141e-05 -3.66357e-05
14.4366 17.1903 0.419764 -1 -4.87692e-05 3.18524e-08 6.59505e-05 -3.47077e-05
14.3453 17.1495 0.419766 -1 -4.62026e-05 2.85881e-08 6.24797e-05 -3.28812e-05
14.254 17.1088 0.419768 -1 -4.37711e-05 2.56582e-08 5.91916e-05 -3.11507e-05
14.1627 17.068 0.419769 -1 -4.14675e-05 2.30287e-08 5.60765e-05 -2.95114e-05
14.0714 17.0273 0.419771 -1 -3.92852e-05 2.06686e-08 5.31254e-05 -2.79583e-05
13.98 16.9865 0.419772 -1 -3.72178e-05 1.85504e-08 5.03296e-05 -2.64869e-05
13.8887 16.9458 0.419774 -1 -3.52591e-05 1.66493e-08 4.76809e-05 -2.5093e-05
13.7974 16.905 0.419775 -1 -3.34035e-05 1.4943e-08 4.51716e-05 -2.37724e-05
13.7061 16.8643 0.419776 -1 -3.16456e-05 1.34116e-08 4.27943e-05 -2.25213e-05
13.6148 16.8235 0.419777 -1 -2.99802e-05 1.20371e-08 4.05422e-05 -2.13361e-05
13.5235 16.7827 0.419779 -1 -2.84024e-05 1.08035e-08 3.84086e-05 -2.02133e-05
13.4321 16.742 0.41978 -1 -2.69077e-05 9.69629e-09 3.63873e-05 -1.91495e-05
13.3408 16.7012 0.419781 -1 -2.54916e-05 8.70257e-09 3.44723e-05 -1.81417e-05
13.2495 16.6605 0.419782 -1 -2.41501e-05 7.8107e-09 3.26581e-05 -1.7187e-05
13.1582 16.6197 0.419783 -1 -2.28791e-05 7.01022e-09 3.09394e-05 -1.62825e-05
13.0669 16.579 0.419783 -1 -2.16751e-05 6.29179e-09 2.93112e-05 -1.54256e-05
12.9755 16.5382 0.419784 -1 -2.05344e-05 5.64698e-09 2.77686e-05 -1.46138e-05
12.8842 16.4975 0.419785 -1 -1.94537e-05 5.06825e-09 2.63073e-05 -1.38447e-05
12.7929 16.4567 0.419786 -1 -1.84299e-05 4.54883e-09 2.49228e-05 -1.31161e-05
12.7016 16.4159 0.419786 -1 -1.746e-05 4.08265e-09 2.36112e-05 -1.24258e-05
12.6103 16.3752 0.419787 -1 -1.65412e-05 3.66424e-09 2.23686e-05 -1.17719e-05
12.519 16.3344 0.419788 -1 -1.56707e-05 3.28872e-09 2.11914e-05 -1.11524e-05
12.4276 16.2937 0.419788 -1 -1.4846e-05 2.95168e-09 2.00762e-05 -1.05655e-05
12.3363 16.2529 0.419789 -1 -1.40647e-05 2.64917e-09 1.90196e-05 -1.00094e-05
12.245 16.2122 0.419789 -1 -1.33245e-05 2.37768e-09 1.80187e-05 -9.48267e-06
12.1537 16.1714 0.41979 -1 -1.26232e-05 2.134e-09 1.70704e-05 -8.98363e-06
12.0624 16.1306 0.41979 -1 -1.19589e-05 1.9153e-09 1.6172e-05 -8.51085e-06
11.9711 16.0899 0.419791 -1 -1.13296e-05 1.71901e-09 1.5321e-05 -8.06295e-06
11.8797 16.0491 0.419791 -1 -1.07333e-05 1.54284e-09 1.45147e-05 -7.63862e-06
11.7884 16.0084 0.419792 -1 -1.01685e-05 1.38472e-09 1.37508e-05 -7.23662e-06
11.6971 15.9676 0.419792 -1 -9.63333e-06 1.24281e-09 1.30271e-05 -6.85578e-06
11.6058 15.9269 0.419792 -1 -9.12636e-06 1.11544e-09 1.23416e-05 -6.49498e-06
11.5145 15.8861 0.419793 -1 -8.64606e-06 1.00113e-09 1.16921e-05 -6.15317e-06
11.4231 15.8453 0.419793 -1 -8.19105e-06 8.98528e-10 1.10767e-05 -5.82935e-06
11.3318 15.8046 0.419793 -1 -7.75998e-06 8.06443e-10 1.04938e-05 -5.52257e-06
11.2405 15.7638 0.419794 -1 -7.35159e-06 7.23794e-10 9.94155e-06 -5.23193e-06
11.1492 15.7231 0.419794 -1 -6.9647e-06 6.49616e-10 9.41836e-06 -4.95659e-06
11.0579 15.6823 0.419794 -1 -6.59817e-06 5.83042e-10 8.9227e-06 -4.69574e-06
10.9666 15.6416 0.419794 -1 -6.25093e-06 5.23289e-10 8.45313e-06 -4.44862e-06
10.8752 15.6008 0.419795 -1 -5.92196e-06 4.69659e-10 8.00826e-06 -4.2145e-06
10.7839 15.56 0.419795 -1 -5.61031e-06 4.21527e-10 7.58681e-06 -3.99271e-06
10.6926 15.5193 0.419795 -1 -5.31505e-06 3.78326e-10 7.18754e-06 -3.78258e-06
10.6013 15.4785 0.419795 -1 -5.03534e-06 3.39555e-10 6.80929e-06 -3.58352e-06
10.51 15.4378 0.419795 -1 -4.77035e-06 3.04756e-10 6.45093e-06 -3.39493e-06
10.4187 15.397 0.419796 -1 -4.5193e-06 2.73522e-10 6.11144e-06 -3.21626e-06
10.3273 15.3563 0.419796 -1 -4.28146e-06 2.45491e-10 5.78981e-06 -3.047e-06
10.236 15.3155 0.419796 -1 -4.05614e-06 2.20334e-10 5.48511e-06 -2.88665e-06
10.1447 15.2747 0.419796 -1 -3.84268e-06 1.97752e-10 5.19645e-06 -2.73473e-06
10.0534 15.234 0.419796 -1 -3.64045e-06 1.77487e-10 4.92298e-06 -2.59081e-06
9.96207 15.1932 0.419796 -1 -3.44886e-06 1.59296e-10 4.6639e-06 -2.45446e-06
9.87076 15.1525 0.419796 -1 -3.26736e-06 1.4297e-10 4.41845e-06 -2.32529e-06
9.77944 15.1117 0.419797 -1 -3.09541e-06 1.28319e-10 4.18592e-06 -2.20292e-06
9.68812 15.071 0.419797 -1 -2.93251e-06 1.15167e-10 3.96563e-06 -2.08699e-06
9.5968 15.0302 0.419797 -1 -2.77818e-06 1.03364e-10 3.75693e-06 -1.97716e-06
9.50549 14.9894 0.419797 -1 -2.63197e-06 9.27713e-11 3.55921e-06 -1.8731e-06
9.41417 14.9487 0.419797 -1 -2.49346e-06 8.32645e-11 3.3719e-06 -1.77453e-06
9.32285 14.9079 0.419797 -1 -2.36224e-06 7.47308e-11 3.19445e-06 -1.68114e-06
9.23154 14.8672 0.419797 -1 -2.23792e-06 6.70707e-11 3.02634e-06 -1.59267e-06
9.14022 14.8264 0.419797 -1 -2.12014e-06 6.01984e-11 2.86707e-06 -1.50885e-06
9.0489 14.7856 0.419797 -1 -2.00857e-06 5.4029e-11 2.71618e-06 -1.42944e-06
8.95758 14.7449 0.419797 -1 -1.90286e-06 4.84913e-11 2.57324e-06 -1.35422e-06
8.86627 14.7041 0.419798 -1 -1.80272e-06 4.35208e-11 2.43782e-06 -1.28295e-06
8.77495 14.6634 0.419798 -1 -1.70785e-06 3.90615e-11 2.30952e-06 -1.21543e-06
8.68363 14.6226 0.419798 -1 -1.61797e-06 3.50593e-11 2.18798e-06 -1.15147e-06
8.59231 14.5819 0.419798 -1 -1.53282e-06 3.14649e-11 2.07283e-06 -1.09087e-06
8.501 14.5411 0.419798 -1 -1.45215e-06 2.8241e-11 1.96375e-06 -1.03346e-06
8.40968 14.5003 0.419798 -1 -1.37573e-06 2.53453e-11 1.8604e-06 -9.79072e-07
8.31836 14.4596 0.419798 -1 -1.30333e-06 2.27482e-11 1.76249e-06 -9.27546e-07
8.22705 14.4188 0.419798 -1 -1.23474e-06 2.04181e-11 1.66974e-06 -8.78732e-07
8.13573 14.3781 0.419798 -1 -1.16976e-06 1.83258e-11 1.58187e-06 -8.32487e-07
8.04441 14.3373 0.419798 -1 -1.1082e-06 1.64486e-11 1.49862e-06 -7.88676e-07
7.9531 14.2966 0.419798 -1 -1.04988e-06 1.47606e-11 1.41975e-06 -7.4717e-07
7.86178 14.2558 0.419798 -1 -9.94626e-07 1.32483e-11 1.34503e-06 -7.07849e-07
7.77046 14.215 0.419798 -1 -9.42282e-07 1.18925e-11 1.27425e-06 -6.70597e-07
7.67914 14.1743 0.419798 -1 -8.92693e-07 1.06716e-11 1.20719e-06 -6.35306e-07
7.58783 14.1335 0.419798 -1 -8.45713e-07 9.57834e-12 1.14366e-06 -6.01871e-07
7.49651 14.0928 0.419798 -1 -8.01206e-07 8.59671e-12 1.08347e-06 -5.70197e-07
7.40519 14.052 0.419798 -1 -7.59041e-07 7.71573e-12 1.02645e-06 -5.40189e-07
7.31388 14.0113 0.419798 -1 -7.19095e-07 6.9242e-12 9.72431e-07 -5.11761e-07
7.22256 13.9705 0.419798 -1 -6.81251e-07 6.21559e-12 9.21255e-07 -4.84828e-07
7.13124 13.9297 0.419798 -1 -6.45399e-07 5.57921e-12 8.72772e-07 -4.59313e-07
7.03992 13.889 0.419798 -1 -6.11434e-07 5.00564e-12 8.26841e-07 -4.35141e-07
6.94861 13.8482 0.419798 -1 -5.79256e-07 4.49454e-12 7.83327e-07 -4.12241e-07
6.85729 13.8075 0.419798 -1 -5.48771e-07 4.03321e-12 7.42103e-07 -3.90546e-07
6.76597 13.7667 0.419798 -1 -5.19891e-07 3.62001e-12 7.03048e-07 -3.69993e-07
6.67466 13.726 0.419798 -1 -4.92531e-07 3.24851e-12 6.66049e-07 -3.50521e-07
6.58334 13.6852 0.419798 -1 -4.6661e-07 2.91718e-12 6.30997e-07 -3.32074e-07
6.49202 13.6444 0.419799 -1 -4.42054e-07 2.61764e-12 5.97789e-07 -3.14598e-07
6.4007 13.6037 0.419799 -1 -4.1879e-07 2.34791e-12 5.6633e-07 -2.98042e-07
6.30939 13.5629 0.419799 -1 -3.96751e-07 2.10831e-12 5.36525e-07 -2.82357e-07
6.21807 13.5222 0.419799 -1 -3.75871e-07 1.8922e-12 5.0829e-07 -2.67497e-07
6.12675 13.4814 0.419799 -1 -3.5609e-07 1.69858e-12 4.8154e-07 -2.5342e-07
6.03544 13.4406 0.419799 -1 -3.3735e-07 1.52382e-12 4.56198e-07 -2.40083e-07
5.94412 13.3999 0.419799 -1 -3.19596e-07 1.36879e-12 4.3219e-07 -2.27448e-07
5.8528 13.3591 0.419799 -1 -3.02777e-07 1.22931e-12 4.09445e-07 -2.15478e-07
5.76148 13.3184 0.419799 -1 -2.86843e-07 1.10099e-12 3.87897e-07 -2.04138e-07
5.67017 13.2776 0.419799 -1 -2.71747e-07 9.89147e-13 3.67483e-07 -1.93395e-07
5.57885 13.2369 0.419799 -1 -2.57446e-07 8.8842e-13 3.48144e-07 -1.83217e-07
5.48753 13.1961 0.419799 -1 -2.43897e-07 7.97193e-13 3.29822e-07 -1.73575e-07
5.39622 13.1553 0.419799 -1 -2.31062e-07 7.15039e-13 3.12464e-07 -1.6444e-07
5.3049 13.1146 0.419799 -1 -2.18902e-07 6.41879e-13 2.9602e-07 -1.55786e-07
5.21358 13.0738 0.419799 -1 -2.07381e-07 5.75984e-13 2.80442e-07 -1.47588e-07
5.12226 13.0331 0.419799 -1 -1.96468e-07 5.16726e-13 2.65683e-07 -1.39821e-07
5.03095 12.9923 0.419799 -1 -1.86128e-07 4.64766e-13 2.51701e-07 -1.32462e-07
4.93963 12.9516 0.419799 -1 -1.76333e-07 4.15761e-13 2.38455e-07 -1.25491e-07
4.84831 12.9108 0.419799 -1 -1.67053e-07 3.73587e-13 2.25906e-07 -1.18887e-07
4.757 12.87 0.419799 -1 -1.58261e-07 3.35683e-13 2.14017e-07 -1.1263e-07
4.66568 12.8293 0.419799 -1 -1.49933e-07 3.03377e-13 2.02754e-07 -1.06703e-07
4.57436 12.7885 0.419799 -1 -1.42042e-07 2.70413e-13 1.92083e-07 -1.01088e-07
4.48304 12.7478 0.419799 -1 -1.34567e-07 2.42015e-13 1.81975e-07 -9.57677e-08
4.39173 12.707 0.419799 -1 -1.27485e-07 2.16935e-13 1.72398e-07 -9.07277e-08
4.30041 12.6663 0.419799 -1 -1.20776e-07 1.94098e-13 1.63325e-07 -8.5953e-08
4.20909 12.6255 0.419799 -1 -1.1442e-07 1.7651e-13 1.5473e-07 -8.14296e-08
4.11778 12.5847 0.419799 -1 -1.08398e-07 1.57798e-13 1.46587e-07 -7.71442e-08
4.02646 12.544 0.419799 -1 -1.02694e-07 1.41252e-13 1.38872e-07 -7.30843e-08
3.93514 12.5032 0.419799 -1 -9.72892e-08 1.26374e-13 1.31564e-07 -6.92381e-08
3.84383 12.4625 0.419799 -1 -9.21691e-08 1.13199e-13 1.2464e-07 -6.55943e-08
3.75251 12.4217 0.419799 -1 -8.73186e-08 1.02862e-13 1.18081e-07 -6.21423e-08
3.66119 12.3809 0.419799 -1 -8.27233e-08 9.24773e-14 1.11867e-07 -5.88719e-08
3.56987 12.3402 0.419799 -1 -7.83698e-08 8.17921e-14 1.05979e-07 -5.57737e-08
3.47856 12.2994 0.419799 -1 -7.42454e-08 7.31492e-14 1.00402e-07 -5.28385e-08
3.38724 12.2587 0.419799 -1 -7.03381e-08 6.65332e-14 9.51182e-08 -5.00578e-08
3.29592 12.2179 0.419799 -1 -6.66364e-08 5.94738e-14 9.01124e-08 -4.74234e-08
3.20461 12.1772 0.419799 -1 -6.31296e-08 5.34144e-14 8.53701e-08 -4.49276e-08
3.11329 12.1364 0.419799 -1 -5.98073e-08 4.7979e-14 8.08773e-08 -4.25632e-08
3.02197 12.0956 0.419799 -1 -5.66598e-08 4.14408e-14 7.6621e-08 -4.03233e-08
2.93065 12.0549 0.419799 -1 -5.36779e-08 3.78575e-14 7.25886e-08 -3.82012e-08
2.83934 12.0141 0.419799 -1 -5.0853e-08 3.49168e-14 6.87685e-08 -3.61908e-08
2.74802 11.9734 0.419799 -1 -4.81768e-08 3.01207e-14 6.51495e-08 -3.42862e-08
2.6567 11.9326 0.419799 -1 -4.56414e-08 2.73991e-14 6.17208e-08 -3.24818e-08
2.56539 11.8919 0.419799 -1 -4.32395e-08 2.51155e-14 5.84727e-08 -3.07724e-08
2.47407 11.8511 0.419799 -1 -4.09639e-08 2.3249e-14 5.53954e-08 -2.91529e-08
2.38275 11.8103 0.419799 -1 -3.88081e-08 2.06686e-14 5.24801e-08 -2.76187e-08
2.29143 11.7696 0.419799 -1 -3.67657e-08 1.90238e-14 4.97183e-08 -2.61652e-08
2.20012 11.7288 0.419799 -1 -3.48309e-08 1.62989e-14 4.71017e-08 -2.47882e-08
2.1088 11.6881 0.419799 -1 -3.29978e-08 1.48638e-14 4.46229e-08 -2.34837e-08
2.01748 11.6473 0.419799 -1 -3.12613e-08 1.22417e-14 4.22746e-08 -2.22478e-08
1.92617 11.6066 0.419799 -1 -2.96161e-08 1.14522e-14 4.00498e-08 -2.1077e-08
1.83485 11.5658 0.419799 -1 -2.80575e-08 9.89203e-15 3.79421e-08 -1.99678e-08
1.74353 11.525 0.419799 -1 -2.65809e-08 9.71372e-15 3.59453e-08 -1.89169e-08
1.65221 11.4843 0.419799 -1 -2.5182e-08 9.40364e-15 3.40536e-08 -1.79214e-08
1.5609 11.4435 0.419799 -1 -2.38568e-08 8.43801e-15 3.22615e-08 -1.69782e-08
1.46958 11.4028 0.419799 -1 -2.26012e-08 6.22709e-15 3.05637e-08 -1.60847e-08
1.37826 11.362 0.419799 -1 -2.14118e-08 6.64756e-15 2.89552e-08 -1.52382e-08
1.28695 11.3212 0.419799 -1 -2.0285e-08 5.55452e-15 2.74314e-08 -1.44363e-08
1.19563 11.2805 0.419799 -1 -1.92174e-08 4.29111e-15 2.59877e-08 -1.36765e-08
1.10431 11.2397 0.419799 -1 -1.82061e-08 4.58477e-15 2.46201e-08 -1.29568e-08
1.013 11.199 0.419799 -1 -1.72479e-08 2.93371e-15 2.33244e-08 -1.22749e-08
0.921678 11.1582 0.419799 -1 -1.63402e-08 3.60402e-15 2.20969e-08 -1.16289e-08
0.830361 11.1175 0.419799 -1 -1.54803e-08 2.52954e-15 2.0934e-08 -1.10169e-08
0.739044 11.0767 0.419799 -1 -1.46656e-08 1.8803e-15 1.98323e-08 -1.04371e-08
0.647727 11.0359 0.419799 -1 -1.38938e-08 1.30276e-15 1.87886e-08 -9.88787e-09
0.55641 10.9952 0.419799 -1 -1.31627e-08 1.17381e-15 1.77998e-08 -9.3675e-09
0.465093 10.9544 0.419799 -1 -1.24699e-08 3.53013e-15 1.68631e-08 -8.87452e-09
0.373776 10.9137 0.419799 -1 -1.18137e-08 2.4787e-16 1.59756e-08 -8.40748e-09
0.282458 10.8729 0.419799 -1 -1.1192e-08 1.66915e-15 1.51349e-08 -7.96502e-09
0.191141 10.8322 0.419799 -1 -1.0603e-08 9.82561e-16 1.43384e-08 -7.54584e-09
0.0998243 10.7914 0.419799 -1 -1.0045e-08 2.09374e-15 1.35838e-08 -7.14873e-09
0.00850717 10.7506 0.419799 -1 -9.51632e-09 9.97511e-16 1.28689e-08 -6.77251e-09
-0.0828099 10.7099 0.419799 -1 -9.0155e-09 5.00099e-16 1.21917e-08 -6.4161e-09
-0.174127 10.6691 0.419799 -1 -8.54104e-09 3.87014e-15 1.15501e-08 -6.07844e-09
-0.265444 10.6284 0.419799 -1 -8.09155e-09 2.17215e-15 1.09422e-08 -5.75855e-09
-0.356761 10.5876 0.419799 -1 -7.6657e-09 6.23202e-16 1.03664e-08 -5.45549e-09
-0.448078 10.5469 0.419799 -1 -7.26229e-09 1.76609e-15 9.82081e-09 -5.16839e-09
-0.539395 10.5061 0.419799 -1 -6.8801e-09 7.70632e-17 9.30397e-09 -4.89639e-09
-0.630713 10.4653 0.419799 -1 -6.51803e-09 8.90759e-16 8.81433e-09 -4.63871e-09
-0.72203 10.4246 0.419799 -1 -6.17501e-09 1.34872e-15 8.35046e-09 -4.39459e-09
-0.813347 10.3838 0.419799 -1 0.000739824 4.07189e-06 -2.8342e-05 0.000174149
-0.904664 10.3431 0.419771 -1 0.000191992 2.37543e-06 -1.29265e-05 0.000107082
-0.995982 10.3023 0.419764 -0.999999 -8.23252e-05 1.48246e-06 -4.02839e-06 6.432e-05
-1.0873 10.2616 0.419767 -0.999999 -0.000200321 1.02723e-06 7.82786e-07 3.56181e-05
-1.17862 10.2208 0.419775 -0.999999 -0.000228871 8.03226e-07 2.9131e-06 1.5122e-05
-1.26994 10.18 0.419783 -0.999999 -0.131902 0.114045 0.00536486 -0.0367768
-1.36125 10.1393 0.424723 -0.988595 -0.02193 0.0614924 0.00214249 -0.0228437
-1.45133 10.0986 0.425535 -0.982445 0.0320725 0.0320017 0.000288643 -0.0139841
-1.54081 10.058 0.424355 -0.979245 0.0545205 0.0157713 -0.000726607 -0.00800228
-1.63005 10.0177 0.422355 -0.977668 0.0589412 0.0068886 -0.00119465 -0.0036935
-1.71923 9.9776 0.420197 -0.976979 1.13258 2 -0.0463637 0.337378
-1.80843 9.93775 0.378755 -0.776979 0.539641 1.83859 -0.0159548 0.228842
-1.88062 9.90902 0.363051 -0.59312 0.00116691 1.00557 -6.14242e-05 0.160765
-1.93606 9.88795 0.363025 -0.492563 -0.281956 0.599578 0.00838784 0.122557
-1.98211 9.87046 0.368227 -0.432606 -0.447029 0.386495 0.0137083 0.0977529
-2.02247 9.85489 0.37547 -0.393956 -0.546846 0.270421 0.017413 0.080073
-2.05912 9.84044 0.383538 -0.366914 -0.60599 0.202767 0.0201568 0.0666604
-2.09315 9.82671 0.391866 -0.346637 -0.637716 0.162404 0.022267 0.0560389
-2.12518 9.81348 0.400145 -0.330397 -1.22173 -1.91258 0.081246 -0.312521
-2.15561 9.8006 0.415263 -0.521655 -1.21122 -0.450282 0.0706051 -0.275099
-2.20335 9.77956 0.438928 -0.566683 -0.931663 0.514813 0.0564439 -0.217764
-2.25464 9.75548 0.458702 -0.515202 -0.430505 0.583335 0.0447345 -0.164081
-2.30084 9.73266 0.467009 -0.456868 -0.125327 0.500272 0.0369177 -0.127571
-2.34163 9.7121 0.469153 -0.406841 0.0591273 0.401576 0.0315948 -0.102321
-2.37792 9.6937 0.468252 -0.366683 0.171341 0.319872 0.0278152 -0.0840678
-2.41064 9.67715 0.465899 -0.334696 0.238613 0.259678 0.0250244 -0.0702674
-2.44054 9.66212 0.462908 -0.308728 0.277069 0.215892 0.0228991 -0.059418
-2.46817 9.64833 0.459704 -0.287139 0.296485 0.183248 0.0212441 -0.0506157
-2.4939 9.63559 0.456516 -0.268814 0.302565 0.159459 0.0199355 -0.0432943
-2.51803 9.62374 0.45347 -0.252869 0.299157 0.141987 0.0188903 -0.0370781
-2.54076 9.61266 0.450636 -0.23867 0.289402 0.127465 0.0180512 -0.0317119
-2.56224 9.60227 0.448049 -0.225923 0.126744 -2 0.0394889 -0.111772
-2.58261 9.59248 0.446977 -0.425923 0.353291 -2 0.0370136 -0.107977
-2.62101 9.57407 0.441341 -0.625923 0.553342 -1.90158 0.0326172 -0.104354
-2.67761 9.54733 0.428369 -0.816081 0.691026 -1.12841 0.0265362 -0.103475
-2.75184 9.51343 0.407248 -0.928923 0.768482 -0.613056 0.0188633 -0.106035
-2.83714 9.47664 0.380512 -0.990228 0.819052 -0.365892 0.0100173 -0.110885
-2.92908 9.43986 0.350135 -1.02682 0.857951 -0.25809 0.000182416 -0.116968
-3.02553 9.40464 0.317141 -1.05263 -0.88665 0.213407 -0.00338562 -0.140187
-3.12554 9.37182 0.352096 -1.03129 -0.372601 2 -0.0172195 -0.0868672
-3.22235 9.33625 0.366488 -0.831286 -0.188726 2 -0.025261 -0.0548005
-3.29995 9.30646 0.372364 -0.631286 -0.183682 2 -0.0292258 -0.0349012
-3.35876 9.28349 0.376707 -0.431286 -0.0795319 2 -0.0310884 -0.0200338
-3.39886 9.26763 0.377991 -0.231286 0.289443 2 -0.031796 -0.0116365
-3.42036 9.25909 0.375484 -0.0312857 0.631822 2 -0.0320283 -0.0103895
-3.42327 9.25795 0.374744 0.168714 0.80737 2 -0.0320622 -0.0106286
-3.40757 9.26412 0.379845 0.368714 0.851528 2 -0.0318464 -0.00822483
-3.37332 9.27779 0.391605 0.568714 0.817524 1.92264 -0.0314093 -0.00242542
-3.32076 9.2995 0.409018 0.760978 0.742997 1.15059 -0.0309863 0.00561701
-3.25094 9.32976 0.430194 0.876038 0.656224 0.594077 -0.0309245 0.0139676
-3.17131 9.3663 0.451725 0.935445 0.586223 0.308954 -0.0315033 0.020412
-3.08715 9.40713 0.472264 0.966341 0.539005 0.163236 -0.0326706 0.0245422
-3.0011 9.45109 0.491772 0.982664 0.538709 0.0843008 -0.0358698 0.0195376
-2.91447 9.49749 0.511598 0.991094 0.500412 0.0475576 -0.0369811 0.0232851
-2.82805 9.54601 0.530173 0.99585 0.481053 0.029524 -0.03847 0.0251785
-2.74214 9.59637 0.548116 0.998802 0.47252 0.0207297 -0.0401453 0.0259731
-2.65689 9.64842 0.565792 1.00088 0.469956 0.0164684 -0.0418928 0.0261237
-2.5724 9.70207 0.583409 1.00252 0.498772 0.0103432 -0.0452734 0.0185959
-2.48873 9.7573 0.602136 1.00356 0.479054 0.00974125 -0.0462987 0.0208808
-2.40603 9.81414 0.620142 1.00453 0.471088 0.0101186 -0.0475548 0.0219639
-2.32428 9.87252 0.637866 1.00554 0.469346 0.0106539 -0.0489138 0.0223593
-2.2435 9.9324 0.655542 1.00661 0.470727 0.0110728 -0.0503028 0.0223579
-2.1637 9.99376 0.673289 1.00772 0.501251 0.00774302 -0.0532671 0.0148819
-2.08492 10.0566 0.692207 1.00849 0.482941 0.00767255 -0.0539178 0.0172367
-2.00728 10.121 0.710448 1.00926 0.475704 0.00842318 -0.0548068 0.0184339
-1.93077 10.1868 0.72843 1.0101 0.474283 0.00919058 -0.05581 0.0189657
-1.8554 10.254 0.746372 1.01102 0.475741 0.0097385 -0.0568564 0.0191103
-1.78117 10.3227 0.764387 1.01199 0.505408 0.00671479 -0.059426 0.0119076
-1.70813 10.3927 0.783543 1.01266 0.487369 0.00632385 -0.0597731 0.0143804
-1.63639 10.4642 0.802028 1.0133 0.480194 0.00701889 -0.0603709 0.0157015
-1.56594 10.537 0.820251 1.014 0.478709 0.00781424 -0.0610952 0.0163579
-1.49678 10.6112 0.838432 1.01478 0.480028 0.00840556 -0.061875 0.016625
-1.42893 10.6866 0.856676 1.01562 0.508487 0.00545408 -0.0641037 0.00972206
-1.36241 10.7634 0.876018 1.01617 0.490835 0.00494957 -0.0642253 0.0122585
-1.29735 10.8414 0.894698 1.01666 0.483786 0.00566654 -0.0646042 0.0136579
-1.23374 10.9207 0.91312 1.01723 0.482277 0.00651904 -0.0651175 0.0143989
-1.17156 11.0012 0.931493 1.01788 0.483482 0.0071674 -0.0656946 0.0147524
-1.11083 11.0829 0.949925 1.0186 0.510583 0.00413891 -0.0676282 0.00815959
-1.05157 11.1658 0.969404 1.01901 0.493471 0.00368642 -0.0675871 0.0107112
-0.993914 11.2498 0.988237 1.01938 0.486634 0.00447921 -0.0678046 0.0121499
-0.937832 11.3349 1.00682 1.01983 0.485148 0.0054015 -0.0681603 0.0129427
-0.883317 11.4211 1.02535 1.02037 0.486272 0.0061067 -0.0685848 0.0133536
-0.83038 11.5083 1.04393 1.02098 0.511918 0.00288518 -0.0702613 0.00707619
-0.779043 11.5966 1.06351 1.02127 0.495462 0.00259706 -0.0701062 0.00960553
-0.729428 11.6859 1.08246 1.02152 0.4889 0.00349594 -0.070207 0.0110537
-0.681502 11.7761 1.10116 1.02187 0.487475 0.00448887 -0.0704467 0.0118729
-0.635256 11.8672 1.11982 1.02232 0.491631 0.00735246 -0.0710755 0.011969
-0.590699 11.9592 1.13864 1.02306 0.491923 0.0067221 -0.0713515 0.0123959
-0.54785 12.0521 1.15749 1.02373 0.493481 0.00651064 -0.0716722 0.0125422
-0.506733 12.1459 1.17641 1.02438 0.495319 0.00638546 -0.0720043 0.0125175
-0.467373 12.2404 1.19542 1.02502 0.496924 0.00623155 -0.0723277 0.0123846
-0.429793 12.3358 1.21449 1.02564 0.533735 -0.0052168 -0.0746048 -9.94941e-05
-0.394017 12.4319 1.235 1.02512 0.500855 -0.00493624 -0.0737463 0.00419568
-0.360237 12.5287 1.25423 1.02463 0.485206 -0.00274169 -0.0733266 0.00676029
-0.328339 12.6261 1.27285 1.02435 0.478929 -0.000497354 -0.0731604 0.00832566
-0.298268 12.724 1.29122 1.0243 0.477609 0.00126661 -0.073142 0.00930443
-0.270002 12.8225 1.30954 1.02443 -0.207302 -2 -0.0303322 0.278273
-0.243542 12.9214 1.30159 0.824431 0.291208 -1.43334 -0.0552164 0.19484
-0.221615 13.0009 1.31058 0.681097 0.517424 -0.81529 -0.0690507 0.143555
-0.204091 13.0667 1.32378 0.599568 0.634489 -0.488838 -0.0773658 0.109273
-0.189431 13.1249 1.33803 0.550684 0.701084 -0.307547 -0.0828182 0.0840016
-0.176728 13.1784 1.35249 0.51993 0.741342 -0.201609 -0.0865449 0.064203
-0.165468 13.2292 1.36692 0.499769 0.769404 -0.141229 -0.0891099 0.0481264
-0.155349 13.2781 1.38133 0.485646 1.22173 1.10329 -0.132625 -0.233506
-0.146203 13.3258 1.40355 0.595975 1.2158 -0.222095 -0.12093 -0.194285
-0.136281 13.3846 1.43069 0.573765 0.967079 -0.612175 -0.109285 -0.148467
-0.128269 13.4414 1.45147 0.512548 0.694915 -0.629158 -0.100905 -0.11213
-0.122167 13.4923 1.46481 0.449632 0.525962 -0.542795 -0.0953336 -0.0868364
-0.11741 13.537 1.47366 0.395352 0.422211 -0.442557 -0.0915729 -0.0689096
-0.113576 13.5764 1.47992 0.351097 0.358833 -0.356033 -0.0889548 -0.0557363
-0.11039 13.6113 1.48463 0.315493 0.320809 -0.288083 -0.0870745 -0.0456782
-0.107675 13.6428 1.48843 0.286685 0.299061 -0.236405 -0.0856884 -0.037728
-0.105316 13.6713 1.49164 0.263045 0.287982 -0.197256 -0.0846464 -0.0312568
-0.103236 13.6976 1.49447 0.243319 0.284368 -0.16766 -0.0838528 -0.0258613
-0.101381 13.7218 1.49707 0.226553 0.286582 -0.145744 -0.0832439 -0.0212706
-0.0997119 13.7444 1.4995 0.211979 0.291742 -0.127983 -0.0827763 -0.0172941
-0.0982017 13.7656 1.50181 0.19918 0.360058 2 -0.0959895 -0.0722897
-0.0968288 13.7854 1.5045 0.39918 0.269981 2 -0.0945312 -0.0693902
-0.0941843 13.8253 1.50854 0.59918 0.167944 1.93991 -0.0917411 -0.064891
-0.0904562 13.8851 1.5123 0.793171 0.0954369 1.18407 -0.0878497 -0.0603389
-0.0858194 13.9642 1.51514 0.911578 0.0466702 0.578299 -0.0830908 -0.0563026
-0.0807485 14.0553 1.51673 0.969408 0.0152387 0.271666 -0.0780179 -0.0530967
-0.0755101 14.1521 1.51729 0.996575 -0.00569418 0.117333 -0.072958 -0.0505559
-0.07018 14.2516 1.51707 1.00831 0.264586 0.0999103 -0.0703003 -0.0537212
-0.0647657 14.3523 1.52707 1.0183 0.396933 -2 -0.0648468 -0.0437293
-0.0603141 14.454 1.5422 0.818299 0.448329 -2 -0.0603579 -0.0285908
-0.0579747 14.5358 1.55594 0.618299 0.411829 -2 -0.0580004 -0.0148505
-0.0570564 14.5976 1.56548 0.418299 0.216059 -2 -0.0570766 -0.00531365
-0.0568341 14.6394 1.56887 0.218299 -0.0983403 -2 -0.0568537 -0.00192873
-0.056792 14.6613 1.56806 0.0182991 -0.314186 -2 -0.0568117 -0.00273276
-0.056787 14.6631 1.56785 -0.181701 -0.388636 -2 -0.0568067 -0.00294809
-0.0568406 14.6449 1.57049 -0.381701 -0.365612 -2 -0.05686 -0.000303312
-0.0568522 14.6068 1.57572 -0.581701 -0.291106 -1.92801 -0.0568723 0.00492345
-0.0565659 14.5486 1.58206 -0.774501 -0.199856 -1.16989 -0.0565888 0.0112656
-0.0556935 14.4711 1.58786 -0.89149 -0.116748 -0.604348 -0.0557208 0.017063
-0.0541725 14.382 1.59176 -0.951925 -0.0569676 -0.30927 -0.0542035 0.0209611
-0.0521775 14.2868 1.59379 -0.982852 -0.0190709 -0.154986 -0.0522102 0.0229921
-0.049918 14.1886 1.59449 -0.998351 0.00331553 -0.0744197 -0.0499509 0.0236941
-0.0475529 14.0888 1.59437 -1.00579 0.0158395 -0.0325857 -0.0475848 0.0235702
-0.0451825 13.9882 1.59377 -1.00905 0.0224155 -0.0111286 -0.045213 0.0229735
-0.0428647 13.8873 1.59292 -1.01016 0.0255119 -0.000383602 -0.0428937 0.0221264
-0.0406299 13.7863 1.59196 -1.0102 0.0266166 0.00474928 -0.0406573 0.0211611
-0.0384925 13.6853 1.59095 -1.00973 0.0266057 0.00696344 -0.0385185 0.0201541
-0.0364578 13.5844 1.58994 -1.00903 0.0259877 0.00768081 -0.0364825 0.0191479
-0.0345259 13.4835 1.58896 -1.00826 0.0250548 0.00765055 -0.0345495 0.0181658
-0.0326946 13.3827 1.58801 -1.0075 0.0239735 0.00726561 -0.0327172 0.0172197
-0.0309599 13.282 1.58711 -1.00677 0.0228375 0.00673041 -0.0309817 0.0163151
-0.0293176 13.1813 1.58625 -1.0061 0.021699 0.00614961 -0.0293386 0.0154539
-0.027763 13.0807 1.58543 -1.00548 0.0205858 0.00557532 -0.0277833 0.0146363
-0.0262915 12.9802 1.58466 -1.00493 0.0195127 0.00503202 -0.0263112 0.013861
-0.0248987 12.8797 1.58392 -1.00442 0.0184863 0.00452989 -0.024918 0.0131266
-0.0235804 12.7792 1.58323 -1.00397 0.0175091 0.00407174 -0.0235992 0.0124312
-0.0223325 12.6789 1.58257 -1.00356 0.0165814 0.00365678 -0.0223509 0.0117728
-0.0211512 12.5785 1.58194 -1.0032 0.0157018 0.00328251 -0.0211692 0.0111496
-0.0200329 12.4782 1.58135 -1.00287 0.0148688 0.00294577 -0.0200505 0.0105596
-0.018974 12.3779 1.5808 -1.00257 0.0140801 0.0026432 -0.0189914 0.0100011
-0.0179715 12.2777 1.58027 -1.00231 0.0133335 0.00237157 -0.0179886 0.00947245
-0.0170222 12.1774 1.57977 -1.00207 0.0126269 0.00212781 -0.017039 0.00897191
-0.0161233 12.0772 1.57929 -1.00186 0.0119581 0.0019091 -0.0161399 0.00849801
-0.0152721 11.9771 1.57884 -1.00167 0.0113251 0.00171291 -0.0152884 0.00804931
-0.0144659 11.8769 1.57842 -1.0015 0.0107259 0.0015369 -0.0144821 0.00762444
-0.0137025 11.7767 1.57802 -1.00134 0.0101588 0.00137902 -0.0137185 0.00722212
-0.0129794 11.6766 1.57764 -1.00121 0.00962184 0.00123738 -0.0129952 0.00684113
-0.0122946 11.5765 1.57728 -1.00108 0.00911351 0.00111032 -0.0123102 0.00648033
-0.011646 11.4764 1.57693 -1.00097 0.00863222 0.000996326 -0.0116615 0.00613863
-0.0110317 11.3763 1.57661 -1.00087 0.0081765 0.000894054 -0.011047 0.00581501
-0.0104498 11.2762 1.5763 -1.00078 0.00774499 0.000802294 -0.010465 0.00550851
-0.00989869 11.1761 1.57601 -1.0007 0.00733636 0.000719964 -0.00991366 0.00521821
-0.00937664 11.0761 1.57574 -1.00063 0.00694939 0.000646093 -0.00939145 0.00494324
-0.00888214 10.976 1.57548 -1.00057 0.00658292 0.000579809 -0.0088968 0.0046828
-0.00841373 10.8759 1.57523 -1.00051 0.00623585 0.000520331 -0.00842824 0.00443611
-0.00797003 10.7759 1.575 -1.00046 0.00590713 0.00046696 -0.0079844 0.00420244
-0.00754973 10.6758 1.57478 -1.00041 0.0055958 0.000419067 -0.00756395 0.0039811
-0.00715159 10.5758 1.57457 -1.00037 0.00530092 0.00037609 -0.00716567 0.00377143
-0.00677444 10.4758 1.57437 -1.00033 0.00502162 0.000337523 -0.00678838 0.00357282
-0.00641717 10.3757 1.57418 -1.0003 0.00475706 0.000302913 -0.00643098 0.00338469
-0.00607874 10.2757 1.574 -1.00027 0.00450647 0.000271854 -0.0060924 0.00320647
-0.00575814 10.1757 1.57383 -1.00024 0.00426911 0.000243981 -0.00577167 0.00303764
-0.00545444 10.0757 1.57367 -1.00021 0.00404426 0.000218967 -0.00546783 0.00287771
-0.00516674 9.97564 1.57352 -1.00019 0.00383128 0.000196518 -0.00517999 0.00272621
-0.0048942 9.87562 1.57338 -1.00017 0.00362952 0.000176372 -0.00490732 0.00258269
-0.00463602 9.7756 1.57324 -1.00015 0.00343841 0.000158291 -0.004649 0.00244672
-0.00439144 9.67559 1.57311 -1.00014 0.00325736 0.000142065 -0.00440429 0.00231793
-0.00415975 9.57557 1.57299 -1.00012 0.00308586 0.000127502 -0.00417246 0.00219591
-0.00394026 9.47556 1.57288 -1.00011 0.0029234 0.000114432 -0.00395284 0.00208032
-0.00373234 9.37555 1.57277 -1.0001 0.00276949 0.000102702 -0.00374479 0.00197082
-0.00353537 9.27554 1.57266 -1.00009 0.00262369 9.21753e-05 -0.00354768 0.00186708
-0.00334878 9.17553 1.57256 -1.00008 0.00248558 8.27273e-05 -0.00336096 0.00176881
-0.00317202 9.07553 1.57247 -1.00007 0.00235473 7.42479e-05 -0.00318406 0.00167571
-0.00300457 8.97552 1.57238 -1.00007 0.00223078 6.66378e-05 -0.00301648 0.00158751
-0.00284594 8.87551 1.5723 -1.00006 0.00211336 5.98077e-05 -0.00285772 0.00150395
-0.00269567 8.77551 1.57222 -1.00005 0.00200212 5.36778e-05 -0.00270731 0.0014248
-0.00255331 8.6755 1.57214 -1.00005 0.00189674 4.81761e-05 -0.00256483 0.00134981
-0.00241846 8.5755 1.57207 -1.00004 0.0017969 4.32385e-05 -0.00242984 0.00127876
-0.00229071 8.47549 1.57201 -1.00004 0.00170232 3.88069e-05 -0.00230196 0.00121146
-0.00216969 8.37549 1.57194 -1.00003 0.00161272 3.48295e-05 -0.00218081 0.0011477
-0.00205505 8.27548 1.57188 -1.00003 0.00152784 3.12599e-05 -0.00206603 0.0010873
-0.00194645 8.17548 1.57183 -1.00003 0.00144743 2.8056e-05 -0.0019573 0.00103007
-0.00184357 8.07548 1.57177 -1.00002 0.00137125 2.51806e-05 -0.00185429 0.000975861
-0.00174612 7.97548 1.57172 -1.00002 0.00129908 2.25999e-05 -0.0017567 0.000924502
-0.0016538 7.87547 1.57167 -1.00002 0.00123071 2.02837e-05 -0.00166425 0.000875847
-0.00156634 7.77547 1.57162 -1.00002 0.00116593 1.82048e-05 -0.00157666 0.000829752
-0.0014835 7.67547 1.57158 -1.00002 0.00110457 1.63391e-05 -0.00149368 0.000786083
-0.00140502 7.57547 1.57154 -1.00001 0.00104644 1.46645e-05 -0.00141507 0.000744713
-0.00133068 7.47547 1.5715 -1.00001 0.000991364 1.31616e-05 -0.0013406 0.00070552
-0.00126026 7.37547 1.57146 -1.00001 0.000939189 1.18127e-05 -0.00127005 0.00066839
-0.00119356 7.27547 1.57143 -1.00001 0.000889761 1.06021e-05 -0.00120321 0.000633214
-0.00113037 7.17546 1.57139 -1.00001 0.000842934 9.51552e-06 -0.00113989 0.000599889
-0.00107051 7.07546 1.57136 -1.00001 0.000798571 8.54031e-06 -0.0010799 0.000568318
-0.00101381 6.97546 1.57133 -1.00001 0.000756544 7.66505e-06 -0.00102307 0.000538409
-0.000960102 6.87546 1.57131 -1.00001 0.000716728 6.8795e-06 -0.000969224 0.000510074
-0.000909227 6.77546 1.57128 -1.00001 0.000679008 6.17445e-06 -0.000918217 0.00048323
-0.000861036 6.67546 1.57125 -1.00001 0.000643274 5.54166e-06 -0.000869893 0.000457799
-0.000815389 6.57546 1.57123 -1 0.000609419 4.97372e-06 -0.000824113 0.000433706
-0.000772151 6.47546 1.57121 -1 0.000577347 4.46399e-06 -0.000780742 0.000410881
-0.000731195 6.37546 1.57118 -1 0.000546963 4.0065e-06 -0.000739654 0.000389258
-0.000692402 6.27546 1.57116 -1 0.000518177 3.59589e-06 -0.000700728 0.000368772
-0.000655657 6.17546 1.57114 -1 0.000490907 3.22737e-06 -0.000663851 0.000349365
-0.000620853 6.07546 1.57113 -1 0.000465072 2.89661e-06 -0.000628914 0.000330978
-0.000587888 5.97546 1.57111 -1 0.000440596 2.59975e-06 -0.000595816 0.00031356
-0.000556665 5.87546 1.57109 -1 0.000417409 2.33332e-06 -0.00056446 0.000297058
-0.000527091 5.77546 1.57108 -1 0.000395442 2.09419e-06 -0.000534754 0.000281425
-0.000499082 5.67546 1.57106 -1 0.000374631 1.87957e-06 -0.000506612 0.000266614
-0.000472553 5.57546 1.57105 -1 0.000354915 1.68694e-06 -0.00047995 0.000252583
-0.000447427 5.47546 1.57103 -1 0.000336237 1.51405e-06 -0.000454692 0.00023929
-0.000423631 5.37546 1.57102 -1 0.000318542 1.35889e-06 -0.000430763 0.000226697
-0.000401094 5.27546 1.57101 -1 0.000301778 1.21962e-06 -0.000408093 0.000214767
-0.00037975 5.17546 1.571 -1 0.000285896 1.09463e-06 -0.000386616 0.000203464
-0.000359536 5.07546 1.57099 -1 0.00027085 9.82448e-07 -0.00036627 0.000192757
-0.000340393 4.97546 1.57098 -1 0.000256596 8.81762e-07 -0.000346994 0.000182612
-0.000322264 4.87546 1.57097 -1 0.000243092 7.91395e-07 -0.000328733 0.000173002
-0.000305097 4.77546 1.57096 -1 0.000230299 7.1029e-07 -0.000311433 0.000163897
-0.00028884 4.67546 1.57095 -1 0.000218179 6.37496e-07 -0.000295043 0.000155272
-0.000273445 4.57546 1.57094 -1 0.000206697 5.72163e-07 -0.000279516 0.000147101
-0.000258868 4.47546 1.57093 -1 0.000195819 5.13525e-07 -0.000264806 0.000139359
-0.000245064 4.37546 1.57093 -1 0.000185514 4.60897e-07 -0.00025087 0.000132025
-0.000231995 4.27546 1.57092 -1 0.000175751 4.13662e-07 -0.000237667 0.000125077
-0.00021962 4.17546 1.57091 -1 0.000166501 3.71268e-07 -0.00022516 0.000118495
-0.000207903 4.07546 1.57091 -1 0.000157739 3.33219e-07 -0.00021331 0.000112259
-0.00019681 3.97546 1.5709 -1 0.000149438 2.99069e-07 -0.000202084 0.000106351
-0.000186307 3.87546 1.5709 -1 0.000141573 2.68419e-07 -0.000191449 0.000100754
-0.000176364 3.77546 1.57089 -1 0.000134123 2.40911e-07 -0.000181374 9.54514e-05
-0.000166952 3.67546 1.57089 -1 0.000127064 2.16221e-07 -0.000171829 9.04281e-05
-0.000158042 3.57546 1.57088 -1 0.000120377 1.94062e-07 -0.000162786 8.56692e-05
-0.000149608 3.47546 1.57088 -1 0.000114042 1.74173e-07 -0.000154219 8.11607e-05
-0.000141624 3.37546 1.57087 -1 0.00010804 1.56323e-07 -0.000146103 7.68894e-05
-0.000134068 3.27546 1.57087 -1 0.000102354 1.40303e-07 -0.000138414 7.2843e-05
-0.000126916 3.17546 1.57086 -1 9.69679e-05 1.25924e-07 -0.00013113 6.90095e-05
-0.000120148 3.07546 1.57086 -1 9.18648e-05 1.13019e-07 -0.000124229 6.53777e-05
-0.000113743 2.97546 1.57086 -1 8.70302e-05 1.01436e-07 -0.000117691 6.19371e-05
-0.000107682 2.87546 1.57085 -1 8.24501e-05 9.10404e-08 -0.000111497 5.86775e-05
-0.000101947 2.77546 1.57085 -1 7.8111e-05 8.17102e-08 -0.000105629 5.55895e-05
-9.65207e-05 2.67546 1.57085 -1 7.40002e-05 7.33362e-08 -0.00010007 5.2664e-05
-9.13869e-05 2.57546 1.57084 -1 7.01058e-05 6.58204e-08 -9.4804e-05 4.98925e-05
-8.65304e-05 2.47546 1.57084 -1 6.64164e-05 5.90748e-08 -8.98148e-05 4.72668e-05
-8.19364e-05 2.37546 1.57084 -1 6.29211e-05 5.30206e-08 -8.50881e-05 4.47793e-05
-7.75911e-05 2.27546 1.57084 -1 5.96097e-05 4.75868e-08 -8.06102e-05 4.24227e-05
