0
0
-0.2
-0.4
-0.6
-0.787645
-0.890141
-0.943165
-0.970597
-0.984789
-0.992131
-0.995929
-0.997894
-0.99891
-0.999436
-0.999708
-0.999849
-0.999922
-0.99996
-0.999979
-0.999989
-0.999994
-0.999997
-0.999999
-0.999999
-1
-1
-1
-0.990112
-0.984536
-0.981482
-0.979854
-0.979024
-0.971796
-0.967773
-0.965978
-0.965629
-0.966144
-0.972463
-0.975913
-0.977945
-0.97928
-0.980278
-0.981124
-0.987925
-0.991174
-0.992974
-0.99417
-0.995107
-0.94425
-0.913044
-0.893244
-0.879955
-0.870446
-0.77484
-0.720485
-0.68804
-0.667185
-0.652247
-0.640424
-0.630282
-0.730955
-0.785081
-0.818207
-0.842873
-0.863183
-0.881414
-0.828304
-0.830941
-0.853241
-0.878565
-0.90476
-0.933131
-0.904406
-0.811395
-0.711816
-0.624388
-0.552236
-0.493509
-0.446068
-0.611155
-0.598123
-0.506716
-0.412918
-0.339995
-0.285473
-0.244705
-0.213698
-0.189552
-0.170278
-0.154532
-0.141403
-0.130263
-0.120636
-0.112226
-0.104809
-0.304809
-0.488905
-0.688905
-0.880337
-0.743262
-0.861544
-0.689176
-0.625377
-0.585122
-0.785122
-0.585122
-0.385122
-0.185122
0.0148784
0.214878
0.414878
0.614878
0.800482
0.897028
0.946799
0.972551
0.974409
0.975241
0.97578
0.976227
0.97664
0.96505
0.959009
0.956418
0.956021
0.956847
0.967797
0.973742
0.977145
0.979258
0.980732
0.987457
0.990309
0.991792
0.992826
0.993744
0.981785
0.974032
0.968721
0.963853
0.958928
0.866974
0.81541
0.785145
0.766064
0.752797
0.742695
0.830542
0.876166
0.901243
0.916194
0.926221
0.933875
0.977228
0.994225
1.00028
1.00188
1.00176
0.976448
0.957474
0.944351
0.935785
0.930637
0.841547
0.789282
0.75753
0.737454
0.724216
0.715268
0.70902
0.81842
0.877619
0.910504
0.929441
0.94091
0.948342
0.972367
0.983063
0.988076
0.990645
0.992176
0.992665
0.993317
0.994089
0.994952
0.995888
0.996344
0.997056
0.99793
0.998906
0.999946
1.00055
1.00131
1.0022
1.00318
1.00419
1.0048
1.00552
1.00633
1.00721
1.00814
0.945972
0.910335
0.888428
0.873446
0.861917
0.761594
0.706568
0.674662
0.654329
0.639786
0.62806
0.617631
0.706302
0.749333
0.771284
0.785182
0.797404
0.811308
0.829188
0.930998
0.974512
0.992214
0.998538
0.999989
1.00295
1.00309
1.00237
1.00157
1.00094
1.00159
1.00155
1.00136
1.00118
1.00104
1.0015
1.00193
1.00236
1.00279
1.00321
0.994948
0.988981
0.985363
0.983505
0.982744
0.782744
0.646429
0.567591
0.518397
0.485581
0.462507
0.445347
0.431429
0.532974
0.512649
0.460213
0.408072
0.363975
0.32838
0.299791
0.276623
0.257527
0.241258
0.227223
0.214981
0.203944
0.19399
0.39399
0.59399
0.782057
0.885951
0.937863
0.963366
0.975701
0.981859
0.99715
0.79715
0.59715
0.39715
0.19715
-0.00285035
-0.20285
-0.40285
-0.60285
-0.790375
-0.892559
-0.945433
-0.972757
-0.986838
-0.994053
-0.997712
-0.999532
-1.00041
-1.00079
-1.00094
-1.00096
-1.00092
-1.00086
-1.00078
-1.00071
-1.00064
-1.00058
-1.00052
-1.00047
-1.00042
-1.00038
-1.00034
-1.0003
-1.00027
-1.00025
-1.00022
-1.0002
-1.00018
-1.00016
-1.00014
-1.00013
-1.00012
-1.0001
-1.00009
-1.00008
-1.00007
-1.00007
-1.00006
-1.00005
-1.00005
-1.00004
-1.00004
-1.00004
-1.00003
-1.00003
-1.00003
-1.00002
-1.00002
-1.00002
-1.00002
-1.00001
-1.00001
-1.00001
-1.00001
-1.00001
-1.00001
-1.00001
-1.00001
-1.00001
-1.00001
-1.00001
-1
-1
-1
-1
-1
-1
-1
-1
-1
-1
-1
-1
-1
-1
-1
-1
-1
-1
-1
-1
-1
-1
-1
-1
-1
-1
-1
-1
-1
-1
-1
-1
-1
-1
-1
-1
-1
-1
-1
-1
-1
-1
-1
-1
-1
-1
-1
-1
-1
-1
-1
-1
-1
-1
-1
-1
-1
-1
-1
-1
-1
-1
-1
-1
-1
-1
-1
-1
-1
-1
-1
-1
-1
-1
-1
-1
-1
-1
-1
-1
-1
-1
-1
-1
-1
-1
-1
-1
-1
-1
-1
-1
-1
-1
-1
-1
-1
-1
-1
-1
-1
-1
-1
-1
-1
-1
-1
-1
-1
-1
-1
-1
-1
-1
-1
-1
-1
-1
-1
-1
-1
-1
-1
-1
-1
-1
-1
-1
-1
-1
-1
-1
-1
-1
-1
-1
-1
-1
-1
-1
-1
-1
-1
-1
-1
-1
-1
-1
-1
-1
-1
-1
-1
-1
-1
-1
-1
-1
-1
-1
-1
-1
-1
-1
-1
-1
-1
-1
-1
-1
-1
-1
-1
-1
-1
-1
-1
-1
-1
-1
-1
-1
-1
-1
-1
-1
-1
-1
-1
-1
-1
-1
-1
-1
-1
-1
-1
-1
-1
-1
-1
-1
-1
-1
-1
-1
-1
-1
-1
-1
-1
-1
-1
-1
-1
-0.999999
-0.999999
-0.999999
-0.999999
-0.988595
-0.982445
-0.979245
-0.977668
-0.976979
-0.776979
-0.59312
-0.492563
-0.432606
-0.393956
-0.366914
-0.346637
-0.330397
-0.521655
-0.566683
-0.515202
-0.456868
-0.406841
-0.366683
-0.334696
-0.308728
-0.287139
-0.268814
-0.252869
-0.23867
-0.225923
-0.425923
-0.625923
-0.816081
-0.928923
-0.990228
-1.02682
-1.05263
-1.03129
-0.831286
-0.631286
-0.431286
-0.231286
-0.0312857
0.168714
0.368714
0.568714
0.760978
0.876038
0.935445
0.966341
0.982664
0.991094
0.99585
0.998802
1.00088
1.00252
1.00356
1.00453
1.00554
1.00661
1.00772
1.00849
1.00926
1.0101
1.01102
1.01199
1.01266
1.0133
1.014
1.01478
1.01562
1.01617
1.01666
1.01723
1.01788
1.0186
1.01901
1.01938
1.01983
1.02037
1.02098
1.02127
1.02152
1.02187
1.02232
1.02306
1.02373
1.02438
1.02502
1.02564
1.02512
1.02463
1.02435
1.0243
1.02443
0.824431
0.681097
0.599568
0.550684
0.51993
0.499769
0.485646
0.595975
0.573765
0.512548
0.449632
0.395352
0.351097
0.315493
0.286685
0.263045
0.243319
0.226553
0.211979
0.19918
0.39918
0.59918
0.793171
0.911578
0.969408
0.996575
1.00831
1.0183
0.818299
0.618299
0.418299
0.218299
0.0182991
-0.181701
-0.381701
-0.581701
-0.774501
-0.89149
-0.951925
-0.982852
-0.998351
-1.00579
-1.00905
-1.01016
-1.0102
-1.00973
-1.00903
-1.00826
-1.0075
-1.00677
-1.0061
-1.00548
-1.00493
-1.00442
-1.00397
-1.00356
-1.0032
-1.00287
-1.00257
-1.00231
-1.00207
-1.00186
-1.00167
-1.0015
-1.00134
-1.00121
-1.00108
-1.00097
-1.00087
-1.00078
-1.0007
-1.00063
-1.00057
-1.00051
-1.00046
-1.00041
-1.00037
-1.00033
-1.0003
-1.00027
-1.00024
-1.00021
-1.00019
-1.00017
-1.00015
-1.00014
-1.00012
-1.00011
-1.0001
-1.00009
-1.00008
-1.00007
-1.00007
-1.00006
-1.00005
-1.00005
-1.00004
-1.00004
-1.00003
-1.00003
-1.00003
-1.00002
-1.00002
-1.00002
-1.00002
-1.00002
-1.00001
-1.00001
-1.00001
-1.00001
-1.00001
-1.00001
-1.00001
-1.00001
-1.00001
-1.00001
-1
-1
-1
-1
-1
-1
-1
-1
-1
-1
-1
-1
-1
-1
-1
-1
-1
-1
-1
-1
-1
-1
-1
-1
-1
-1
-1
-1
-1
-1
-1
-1
-1
-1
-1
-1
-1
-1
-1
-1
-1
-1
-1
-1
