20 15 0 0 0
19.5 15 0 0 0
19 15 0 0 0
18.5 15 0 0 0
18 15 0 0 0
17.5 15 0 0 0
17 15 0 0 0
16.5 15 0 0 0
16 15 0 0 0
15.5 15 -0.0703528 0 0
15.0012 15.0351 -0.140706 0.00439342 0
14.5062 15.1053 -0.211058 0.0134303 0
14.0173 15.21 -0.281411 0.0273433 0
13.5369 15.3489 -0.194794 0.0463353 0
13.0464 15.4457 -0.108177 0.0612603 0
12.5493 15.4996 -0.0215592 0.0717995 0
12.0494 15.5104 0.0650582 0.077626 0
12.5484 15.5429 0.0731761 0.0768405 1
13.047 15.5795 0.0812939 0.0766115 1
13.5454 15.6201 0.0894118 0.0769041 1
14.0434 15.6647 0.0975296 0.0776858 1
14.541 15.7134 0.184147 0.078926 1
15.0326 15.805 0.270764 0.0854902 1
15.5143 15.9387 0.357382 0.0970037 1
15.9828 16.1136 0.443999 0.113094 1
16.4343 16.3284 0.402197 0.1334 1
16.8944 16.5241 0.360395 0.149998 1
17.3623 16.7004 0.318593 0.163051 1
17.8371 16.857 0.27679 0.172734 1
18.3181 16.9937 0.363408 0.179225 1
18.7854 17.1714 0.450025 0.190672 1
19.2356 17.3889 0.536642 0.2067 1
19.6653 17.6445 0.62326 0.22695 1
20.0713 17.9364 0.709877 0.251076 1
20.4506 18.2622 0.796495 0.278755 1
20.8002 18.6197 0.883112 0.309688 1
21.1175 19.0061 0.969729 0.343595 1
21.4003 19.4184 0.883112 0.380221 1
21.7177 19.8048 0.796495 0.410343 1
22.0673 20.1622 0.709877 0.433882 1
22.4465 20.4881 0.62326 0.450914 1
22.8525 20.78 0.572395 0.461632 1
23.2728 21.0508 0.521529 0.468541 1
23.7063 21.2999 0.470664 0.471851 1
24.152 21.5266 0.419799 0.471777 1
23.6954 21.3228 0.419799 0.471777 0
23.2388 21.119 0.419799 0.475024 0
22.7822 20.9153 0.419799 0.478474 0
22.3256 20.7115 0.419799 0.482139 0
21.869 20.5077 0.419799 0.486033 0
21.4124 20.3039 0.419799 0.490169 0
20.9559 20.1001 0.419799 0.494564 0
20.4993 19.8963 0.419799 0.499232 0
20.0427 19.6925 0.419799 0.504191 0
19.5861 19.4887 0.419799 0.50946 0
19.1295 19.2849 0.419799 0.515056 0
18.6729 19.0812 0.419799 0.521001 0
18.2163 18.8774 0.419799 0.527315 0
17.7598 18.6736 0.419799 0.534022 0
17.3032 18.4698 0.419799 0.541145 0
16.8466 18.266 0.419799 0.548711 0
16.39 18.0622 0.419799 0.556745 0
15.9334 17.8584 0.419799 0.565278 0
15.4768 17.6546 0.419799 0.574338 0
15.0202 17.4509 0.419799 0.583959 0
14.5637 17.2471 0.419799 0.594173 0
14.1071 17.0433 0.419799 0.605016 0
13.6505 16.8395 0.419799 0.616526 0
13.1939 16.6357 0.419799 0.628742 0
12.7373 16.4319 0.419799 0.641706 0
12.2807 16.2281 0.419799 0.655462 0
11.8241 16.0243 0.419799 0.670055 0
11.3676 15.8205 0.419799 0.685533 0
10.911 15.6168 0.419799 0.701947 0
10.4544 15.413 0.419799 0.719348 0
9.99781 15.2092 0.419799 0.737791 0
9.54122 15.0054 0.419799 0.757332 0
9.08464 14.8016 0.419799 0.77803 0
8.62805 14.5978 0.419799 0.799943 0
8.17146 14.394 0.419799 0.823134 0
7.71488 14.1902 0.419799 0.847665 0
7.25829 13.9864 0.419799 0.873598 0
6.80171 13.7827 0.419799 0.900997 0
6.34512 13.5789 0.419799 0.929924 0
5.88854 13.3751 0.419799 0.960442 0
5.43195 13.1713 0.419799 0.99261 0
4.97537 12.9675 0.419799 1.02649 0
4.51878 12.7637 0.419799 1.06212 0
4.0622 12.5599 0.419799 1.09956 0
3.60561 12.3561 0.419799 1.13885 0
3.14902 12.1524 0.419799 1.18002 0
2.69244 11.9486 0.419799 1.22308 0
2.23585 11.7448 0.419799 1.26806 0
1.77927 11.541 0.419799 1.31494 0
1.32268 11.3372 0.419799 1.36371 0
0.866097 11.1334 0.419799 1.41433 0
0.409512 10.9296 0.419799 1.46673 0
-0.0470739 10.7258 0.419799 1.52085 0
-0.503659 10.522 0.419799 1.57658 0
-0.960245 10.3183 0.419799 1.6338 0
-1.41683 10.1145 0.419799 1.69237 0
-1.87342 9.91068 0.419799 1.75211 0
-2.33 9.70689 0.419799 1.81284 0
-2.78659 9.5031 0.419799 1.87435 0
-3.24324 9.29947 0.411861 1.93643 0
-2.79495 9.52051 0.504312 1.99887 1
-2.36898 9.78199 0.596763 1.93655 1
-1.96897 10.0817 0.689214 1.87571 1
-1.59833 10.417 0.781664 1.81777 1
-1.26024 10.7851 0.874115 1.76399 1
-0.957571 11.1829 0.966566 1.71543 1
-0.692918 11.6069 1.05902 1.67288 1
-0.46854 12.0535 1.15147 1.63688 1
-0.286351 12.519 1.24392 1.60772 1
-0.14791 12.9992 1.33637 1.58548 1
-0.0543969 13.4902 1.42882 1.57007 1
-0.0066121 13.9878 1.52127 1.56127 1
1.92221e-05 14.4877 1.57079 1.55877 1
1.85587e-05 13.9877 1.57079 1.55952 0
1.78953e-05 13.4877 1.57079 1.55882 0
1.72319e-05 12.9877 1.57079 1.55807 0
1.65686e-05 12.4877 1.57079 1.55727 0
1.59052e-05 11.9877 1.57079 1.55643 0
1.52418e-05 11.4877 1.57079 1.55553 0
1.45784e-05 10.9877 1.57079 1.55458 0
1.3915e-05 10.4877 1.57079 1.55356 0
1.32516e-05 9.98765 1.57079 1.55249 0
1.25882e-05 9.48765 1.57079 1.55134 0
1.19248e-05 8.98765 1.57079 1.55013 0
1.12614e-05 8.48765 1.57079 1.54883 0
1.0598e-05 7.98765 1.57079 1.54746 0
9.93458e-06 7.48765 1.57079 1.546 0
9.27118e-06 6.98765 1.57079 1.54445 0
8.60778e-06 6.48765 1.57079 1.54281 0
7.94438e-06 5.98765 1.57079 1.54106 0
7.28099e-06 5.48765 1.57079 1.5392 0
6.61759e-06 4.98765 1.57079 1.53723 0
5.95419e-06 4.48765 1.57079 1.53513 0
5.2908e-06 3.98765 1.57079 1.5329 0
4.6274e-06 3.48765 1.57079 1.53053 0
3.964e-06 2.98765 1.57079 1.52802 0
3.3006e-06 2.48765 1.57079 1.52534 0
2.63721e-06 1.98765 1.57079 1.5225 0
1.97381e-06 1.48765 1.57079 1.51949 0
1.31041e-06 0.987651 1.57079 1.51628 0
6.47013e-07 0.487651 1.57079 1.51287 0
0 3.55271e-15 1.57079 1.50926 0
